132
Deep-sea_sediment_DRR121219_Bin1_contig1_6                                       0.0000000 0.0000010 0.0000010 0.0218124 0.0000010 0.0218124 8.9999984 5.6473070 6.8115511 5.6473070 6.5347791 6.5009091 4.3674443 8.9999982 5.9937982 6.8468374 4.4822746 7.7336551 8.4455212 5.6514852 4.2705402 8.0246099 7.6906154 4.9046724 5.7339832 6.2747302 8.5730510 7.6165148 7.1893786 4.8204331 6.7720664 5.0666324 5.6867591 6.5915251 7.1029730 4.3888154 7.4208786 7.5408367 8.9999986 5.3803739 8.9999984 5.4457990 5.7975495 8.9999980 6.4128213 5.8202408 7.2337093 7.7147259 4.6810130 4.7063006 8.9999989 8.9934531 8.0930267 4.6506946 7.9126145 3.8786300 8.9999983 6.9995805 8.0227321 5.8906052 8.9999989 8.9999987 8.1982886 6.8877591 7.0740461 5.4447725 7.4186344 4.9420905 8.9999986 8.7883075 7.9693992 6.9599393 4.7730976 6.5859264 6.3898353 5.5313279 8.5340230 7.6401821 5.5280314 6.6827886 8.4372516 5.9487492 4.6793766 8.9999981 8.9999987 6.5833570 7.0182044 8.2528211 7.3449221 5.8817713 5.7207016 6.2762257 7.5456917 6.8428605 7.6661228 7.3232859 8.9999990 6.9991198 5.1036339 6.2536155 7.8032860 4.6776058 7.6959877 5.1353365 8.7022093 8.9999987 8.9999985 5.5665082 8.9999986 6.0620375 8.5318033 8.9999986 8.9999986 7.4103686 5.9086996 8.9999988 5.1704916 6.6612211 7.4240878 6.0395631 6.5952637 4.6010021 7.6588721 7.6375227 5.0355549 8.9999981 6.5370446 5.7632960 7.0789780 5.0969218 8.9999989 8.9999984 
Deep-sea_sediment_ERR1730303_Bin1_contig1_6                                      0.0000010 0.0000000 0.0000010 0.0218124 0.0000010 0.0218124 8.9999984 5.6473070 6.8115511 5.6473070 6.5347791 6.5009091 4.3674443 8.9999982 5.9937982 6.8468374 4.4822746 7.7336551 8.4455212 5.6514852 4.2705402 8.0246099 7.6906154 4.9046724 5.7339832 6.2747302 8.5730510 7.6165148 7.1893786 4.8204331 6.7720664 5.0666324 5.6867591 6.5915251 7.1029730 4.3888154 7.4208786 7.5408367 8.9999986 5.3803739 8.9999984 5.4457990 5.7975495 8.9999980 6.4128213 5.8202408 7.2337093 7.7147259 4.6810130 4.7063006 8.9999989 8.9934531 8.0930267 4.6506946 7.9126145 3.8786300 8.9999983 6.9995805 8.0227321 5.8906052 8.9999989 8.9999987 8.1982886 6.8877591 7.0740461 5.4447725 7.4186344 4.9420905 8.9999986 8.7883075 7.9693992 6.9599393 4.7730976 6.5859264 6.3898353 5.5313279 8.5340230 7.6401821 5.5280314 6.6827886 8.4372516 5.9487492 4.6793766 8.9999981 8.9999987 6.5833570 7.0182044 8.2528211 7.3449221 5.8817713 5.7207016 6.2762257 7.5456917 6.8428605 7.6661228 7.3232859 8.9999990 6.9991198 5.1036339 6.2536155 7.8032860 4.6776058 7.6959877 5.1353365 8.7022093 8.9999987 8.9999985 5.5665082 8.9999986 6.0620375 8.5318033 8.9999986 8.9999986 7.4103686 5.9086996 8.9999988 5.1704916 6.6612211 7.4240878 6.0395631 6.5952637 4.6010021 7.6588721 7.6375227 5.0355549 8.9999981 6.5370446 5.7632960 7.0789780 5.0969218 8.9999989 8.9999984 
XS84_Bin1_contig190_11                                                           0.0000010 0.0000010 0.0000000 0.0000010 0.0000010 0.0000010 8.9999986 4.6778907 5.9381420 4.6778907 6.0049225 5.9619297 4.8761682 7.7237008 5.1393230 6.0063894 4.6267808 6.4463570 8.5664827 6.6899132 4.2041682 7.4922097 6.7953543 5.4421604 4.7228106 4.8940159 8.8489846 6.2714699 7.7973481 5.2693870 5.8145270 5.4901854 6.1319561 7.3158272 6.5002821 4.8120945 6.9096832 8.9999989 8.7881944 5.1461502 8.9999986 6.1696053 6.4112631 8.9999986 6.5105901 6.3697007 6.1023781 7.3835911 5.3053655 5.1347510 8.9999990 7.2276963 8.9999983 5.0009310 6.9656946 4.1944593 8.9999987 6.2481540 7.7136257 6.8063145 8.9098051 8.9999983 8.0328289 6.5501121 8.9999986 5.7985819 6.6801292 5.6261529 8.9999988 8.0100641 8.5552450 8.1431550 5.3636010 7.5092706 5.7140631 5.8353548 8.2755159 7.5724982 6.3653304 7.7219580 8.8513667 7.3710481 4.6636631 8.9999983 8.9999984 6.8990439 6.2280574 7.4451020 7.3485669 7.6996885 5.6989201 6.0350523 7.7561751 6.5469403 7.8517188 7.3442402 7.7467641 7.5105016 6.1446702 6.5072351 6.4302891 5.3023571 6.9128375 4.6334035 8.9999983 8.3880357 8.9999988 6.4085691 8.9999988 6.4448852 7.1505204 8.9999985 8.9999989 6.6955662 5.6588660 8.9999986 5.8229160 6.7643016 6.7407453 6.4153332 8.7522241 4.4098556 7.0237175 6.6007125 4.6657846 8.9999989 6.6915408 5.3410531 6.6101987 5.0507436 8.6397622 8.9999987 
XS84_Bin1_contig93_1                                                             0.0218124 0.0218124 0.0000010 0.0000000 0.0000010 0.0000010 8.9999988 6.1234513 6.7916094 6.1234513 8.6910748 6.2064860 4.8787310 7.9399905 6.2354025 8.9999983 4.3819781 8.9999985 7.7332480 5.4423182 4.7133177 8.9999983 7.1427071 4.6717126 7.6670647 7.3083124 8.9999982 8.2556633 6.7819779 5.4245613 8.7793826 6.0816168 6.0334865 5.3779649 8.5127712 4.3133514 8.7231007 6.0878857 8.9999987 6.3400781 8.9748821 4.9020524 8.2095666 8.9999988 8.1018258 5.2230413 8.9999983 8.9999989 4.9312587 5.2803328 8.9999989 8.9999981 7.7030393 4.9704789 7.8229584 6.4549047 8.9999983 8.1032551 8.9999989 6.1724350 8.9999982 8.9999988 7.4566651 7.8137102 5.2094664 5.8938598 8.9999980 4.7115690 8.9999987 8.8798876 8.9999984 6.8670253 4.7297327 7.7282130 6.9221031 6.7883921 8.9999984 7.2532053 5.4557456 6.4783220 8.9168991 6.1848384 6.0723456 8.9999990 8.9999982 6.8512868 8.0616350 8.9999983 7.9724137 5.0168506 6.4556813 8.8910899 7.2893515 6.9035563 6.9518561 6.9933939 8.9999982 8.4961960 4.3012313 7.7766176 8.4257312 4.7317604 7.7888981 6.3842124 8.9999986 8.9999981 8.9999986 5.7305017 8.9999981 6.2387792 8.9999989 7.3070641 8.9999989 6.7771788 7.4724551 8.9999990 4.5734542 8.8765347 7.4714229 6.2387792 6.3393567 5.7028043 8.7984793 7.1069762 6.3735471 8.9999981 7.4987867 8.9999988 8.3058108 6.0265609 8.9999988 8.9999989 
XS84_Bin2_contig168_11                                                           0.0000010 0.0000010 0.0000010 0.0000010 0.0000000 0.0000010 8.9999986 4.6778907 5.9381420 4.6778907 6.0049225 5.9619297 4.8761682 7.7237008 5.1393230 6.0063894 4.6267808 6.4463570 8.5664827 6.6899132 4.2041682 7.4922097 6.7953543 5.4421604 4.7228106 4.8940159 8.8489846 6.2714699 7.7973481 5.2693870 5.8145270 5.4901854 6.1319561 7.3158272 6.5002821 4.8120945 6.9096832 8.9999989 8.7881944 5.1461502 8.9999986 6.1696053 6.4112631 8.9999986 6.5105901 6.3697007 6.1023781 7.3835911 5.3053655 5.1347510 8.9999990 7.2276963 8.9999983 5.0009310 6.9656946 4.1944593 8.9999987 6.2481540 7.7136257 6.8063145 8.9098051 8.9999983 8.0328289 6.5501121 8.9999986 5.7985819 6.6801292 5.6261529 8.9999988 8.0100641 8.5552450 8.1431550 5.3636010 7.5092706 5.7140631 5.8353548 8.2755159 7.5724982 6.3653304 7.7219580 8.8513667 7.3710481 4.6636631 8.9999983 8.9999984 6.8990439 6.2280574 7.4451020 7.3485669 7.6996885 5.6989201 6.0350523 7.7561751 6.5469403 7.8517188 7.3442402 7.7467641 7.5105016 6.1446702 6.5072351 6.4302891 5.3023571 6.9128375 4.6334035 8.9999983 8.3880357 8.9999988 6.4085691 8.9999988 6.4448852 7.1505204 8.9999985 8.9999989 6.6955662 5.6588660 8.9999986 5.8229160 6.7643016 6.7407453 6.4153332 8.7522241 4.4098556 7.0237175 6.6007125 4.6657846 8.9999989 6.6915408 5.3410531 6.6101987 5.0507436 8.6397622 8.9999987 
XS84_Bin2_contig76_1                                                             0.0218124 0.0218124 0.0000010 0.0000010 0.0000010 0.0000000 8.9999988 6.1234513 6.7916094 6.1234513 8.6910748 6.2064860 4.8787310 7.9399905 6.2354025 8.9999983 4.3819781 8.9999985 7.7332480 5.4423182 4.7133177 8.9999983 7.1427071 4.6717126 7.6670647 7.3083124 8.9999982 8.2556633 6.7819779 5.4245613 8.7793826 6.0816168 6.0334865 5.3779649 8.5127712 4.3133514 8.7231007 6.0878857 8.9999987 6.3400781 8.9748821 4.9020524 8.2095666 8.9999988 8.1018258 5.2230413 8.9999983 8.9999989 4.9312587 5.2803328 8.9999989 8.9999981 7.7030393 4.9704789 7.8229584 6.4549047 8.9999983 8.1032551 8.9999989 6.1724350 8.9999982 8.9999988 7.4566651 7.8137102 5.2094664 5.8938598 8.9999980 4.7115690 8.9999987 8.8798876 8.9999984 6.8670253 4.7297327 7.7282130 6.9221031 6.7883921 8.9999984 7.2532053 5.4557456 6.4783220 8.9168991 6.1848384 6.0723456 8.9999990 8.9999982 6.8512868 8.0616350 8.9999983 7.9724137 5.0168506 6.4556813 8.8910899 7.2893515 6.9035563 6.9518561 6.9933939 8.9999982 8.4961960 4.3012313 7.7766176 8.4257312 4.7317604 7.7888981 6.3842124 8.9999986 8.9999981 8.9999986 5.7305017 8.9999981 6.2387792 8.9999989 7.3070641 8.9999989 6.7771788 7.4724551 8.9999990 4.5734542 8.8765347 7.4714229 6.2387792 6.3393567 5.7028043 8.7984793 7.1069762 6.3735471 8.9999981 7.4987867 8.9999988 8.3058108 6.0265609 8.9999988 8.9999989 
2_Hydrogenovibrio_marinus_BAD1531_Rubisco                                        8.9999984 8.9999984 8.9999986 8.9999988 8.9999986 8.9999988 0.0000000 6.1527839 6.7920917 6.1527839 6.5876392 7.1704907 5.7891148 6.5704981 6.5996820 6.3854772 5.6252089 7.5195445 5.8830620 6.2192538 5.3663622 7.3698194 6.7761419 7.2213590 7.1880189 4.8543994 6.3697972 7.2142713 4.7960373 5.6991608 7.4794541 5.9608671 6.0153885 6.8931221 8.7121473 5.8393124 6.3577327 8.7546298 6.3835661 8.3167504 7.7175357 6.9965619 6.6511092 7.7281126 5.9203863 7.8421753 8.4028560 8.8975787 7.2483128 8.6211814 7.5797363 7.4095639 6.9043439 6.7143841 8.9611688 5.8106704 5.6834142 6.8770523 6.0315976 8.9999984 8.1076579 8.2260420 8.2599655 5.2926136 5.9968315 6.9952076 7.5711943 5.8409831 6.4476935 7.5712011 8.9999981 6.5705416 7.4617564 6.0582392 7.3909939 5.6899026 6.8724349 8.3700354 8.9034380 6.0992701 6.5911648 7.2025128 5.2200522 8.2659843 7.5581898 6.4525866 8.9999988 6.8603986 7.4418870 6.1759174 5.6991535 5.4397409 8.4835043 6.4056455 6.0102364 8.4396886 6.7752648 6.9612142 6.7777820 8.9999989 8.9999988 5.2334988 8.1656964 7.1305093 7.9458913 7.4520816 8.0302598 5.7893891 6.4397641 4.9420435 8.9999986 7.3999400 6.1326666 5.8980733 7.1095900 6.7020655 7.1392321 5.9812457 6.9096641 4.9587979 6.5763696 7.3669169 8.9999985 4.5707504 4.8618909 6.5758895 7.6700396 6.9559485 6.8733901 5.4673592 5.8989335 8.9999988 
gi|40889476_Pyrococcus_furiosus                                                  5.6473070 5.6473070 4.6778907 6.1234513 4.6778907 6.1234513 6.1527839 0.0000000 0.1779527 0.0000010 0.8939554 1.1535683 2.3059721 0.9830588 0.6273380 0.7899494 2.3984338 1.0760205 1.3343817 3.0974691 2.6142755 1.1336668 1.0393116 2.6948225 0.5872675 1.0935675 1.2417181 0.8869860 2.1336793 2.2610672 0.8042290 2.2549558 2.7027918 2.2358884 1.3708507 2.6615854 1.6435110 3.3387680 0.9429207 2.7843688 1.3972743 2.8699811 2.5125366 1.4203195 1.0985805 2.6280645 1.3836826 1.6236821 2.3729492 2.3917312 1.3323212 1.2191158 2.9114531 2.1781343 1.4785824 2.4120776 1.3952529 0.7513058 0.9123029 2.7766550 1.7368226 2.0483543 1.6039994 2.6033230 2.7316856 0.9858157 1.3671841 1.8729843 3.0947184 1.9113235 2.0385308 2.9943481 2.8528187 2.6917241 1.0218587 2.5240095 1.8418741 0.9231059 2.2157844 2.0113268 2.0257991 2.7865610 2.2106509 1.9957056 1.9257224 2.3077758 1.4992186 1.0632179 2.5986513 2.2912624 2.5108288 1.0227004 1.4778538 1.5057608 0.9303683 1.6035395 0.9966267 1.7151326 2.3576884 2.2412281 1.9782404 2.3455993 1.1459919 2.3169533 3.3243641 1.4405707 2.4824078 2.4391955 2.9186324 2.1012339 1.6328998 2.5223227 2.2539286 1.3256429 2.6044819 2.0656770 2.1936986 2.7451941 1.2131998 2.2128412 2.2867765 3.9935491 1.3862548 2.4262735 1.1564992 2.1692414 3.1564215 1.9381679 2.7464139 3.1675642 0.9596995 2.7125244 
gi|46014898_Thermococcus_litoralis                                               6.8115511 6.8115511 5.9381420 6.7916094 5.9381420 6.7916094 6.7920917 0.1779527 0.0000000 0.1779527 0.7579388 0.9830807 2.1388408 0.9024362 0.4894397 0.7125374 2.2917327 0.9879359 1.1817241 3.0784181 2.2551603 0.9108921 0.9760491 2.5102256 0.4558327 0.9624291 1.1837960 0.8299164 2.0408130 2.3224140 0.7753773 1.9939615 2.1743766 2.0974683 1.1248360 2.6757112 1.2806171 2.8017429 0.7876660 2.5945191 1.2427381 2.6203039 2.2993988 1.0940284 0.9838760 2.2327926 1.4169255 1.5089979 2.3233487 2.1744223 1.1686990 1.1004377 2.8344688 2.1185226 1.2618955 2.0804711 1.2971547 0.7654237 0.8832170 2.3030143 1.6085588 1.6326109 1.3267692 2.2881485 2.4962516 1.0555450 1.2007120 1.8912503 2.5716732 1.5314963 1.6621986 2.4765269 2.6539303 2.3712350 0.8184002 2.2544135 1.5623082 0.8640875 2.1694397 1.6303909 1.8064408 2.6089142 2.5096571 1.5645326 1.7586693 2.1484154 1.1395516 0.9325574 2.2128657 2.1339121 2.6172931 1.2413639 1.3895705 1.3608815 0.9352593 1.5981638 0.7975464 1.4406230 2.0791077 2.2648408 2.0690461 2.1993877 1.1494534 2.4334420 3.2828773 1.1536972 2.2734446 2.2372624 2.4900622 1.9699821 1.4537420 2.2056655 1.9872921 1.1222961 2.5104577 2.0605971 1.9286547 2.4033052 1.0524131 2.0990724 2.0722794 3.3352037 1.4524450 2.2289546 1.2759735 1.7847792 2.7557067 1.8682607 2.9036861 3.3344527 0.9554230 2.5700628 
gi|99032451_Pyrococcus_furiosus                                                  5.6473070 5.6473070 4.6778907 6.1234513 4.6778907 6.1234513 6.1527839 0.0000010 0.1779527 0.0000000 0.8939554 1.1535683 2.3059721 0.9830588 0.6273380 0.7899494 2.3984338 1.0760205 1.3343817 3.0974691 2.6142755 1.1336668 1.0393116 2.6948225 0.5872675 1.0935675 1.2417181 0.8869860 2.1336793 2.2610672 0.8042290 2.2549558 2.7027918 2.2358884 1.3708507 2.6615854 1.6435110 3.3387680 0.9429207 2.7843688 1.3972743 2.8699811 2.5125366 1.4203195 1.0985805 2.6280645 1.3836826 1.6236821 2.3729492 2.3917312 1.3323212 1.2191158 2.9114531 2.1781343 1.4785824 2.4120776 1.3952529 0.7513058 0.9123029 2.7766550 1.7368226 2.0483543 1.6039994 2.6033230 2.7316856 0.9858157 1.3671841 1.8729843 3.0947184 1.9113235 2.0385308 2.9943481 2.8528187 2.6917241 1.0218587 2.5240095 1.8418741 0.9231059 2.2157844 2.0113268 2.0257991 2.7865610 2.2106509 1.9957056 1.9257224 2.3077758 1.4992186 1.0632179 2.5986513 2.2912624 2.5108288 1.0227004 1.4778538 1.5057608 0.9303683 1.6035395 0.9966267 1.7151326 2.3576884 2.2412281 1.9782404 2.3455993 1.1459919 2.3169533 3.3243641 1.4405707 2.4824078 2.4391955 2.9186324 2.1012339 1.6328998 2.5223227 2.2539286 1.3256429 2.6044819 2.0656770 2.1936986 2.7451941 1.2131998 2.2128412 2.2867765 3.9935491 1.3862548 2.4262735 1.1564992 2.1692414 3.1564215 1.9381679 2.7464139 3.1675642 0.9596995 2.7125244 
gi|1213765404_uncultured_Eubacteriales_bacterium                                 6.5347791 6.5347791 6.0049225 8.6910748 6.0049225 8.6910748 6.5876392 0.8939554 0.7579388 0.8939554 0.0000000 0.7184094 2.0652689 0.4990826 0.8937523 0.9175287 2.5342239 0.7942383 1.4410705 2.8346531 2.0647225 0.9113762 0.6611740 2.3020501 0.6418737 1.1810103 1.1928388 0.5980746 2.7235903 2.0886841 0.8732554 2.2238622 2.4077267 2.5193669 0.9304309 2.2414906 1.4797794 3.1594463 0.9147635 2.4080625 1.6186377 2.9590605 2.5312139 1.7179388 0.6808076 2.4086615 1.1647271 1.7497429 2.3443135 2.3225722 1.3578198 1.0326740 3.0082502 2.2323382 1.0944778 2.0567918 1.3801336 0.9759505 1.0196827 2.1182582 1.5202007 1.7478028 1.7338691 2.1896365 2.4284310 1.1919800 1.1533876 2.3284761 2.8726114 1.3284894 1.8542548 2.7630988 2.5493552 2.0860567 1.0136643 1.8417742 1.3465826 0.8774094 2.5611306 2.0593619 1.8357907 3.0333569 2.6715385 1.4672558 1.5761841 1.9583908 1.5206825 0.8816837 2.4992660 2.3947859 2.6658834 1.0924153 1.7293351 1.1475744 1.3003617 2.2348016 0.9220743 1.4935588 2.1790482 2.4383515 2.1171038 2.1698587 1.1609346 2.2745688 3.2239873 1.5016314 1.7104493 2.2831146 2.4834799 2.4159813 1.2339052 2.6337965 1.7159869 1.3416847 2.7800703 2.4377641 3.0918236 2.5318369 1.4957778 2.5798158 2.5223476 3.2457548 1.3449711 2.5394039 1.5342188 1.7461412 2.9191815 1.9327156 3.0305595 3.2920634 1.5525678 2.2301874 
gi|1390137634_Ardenticatenia_bacterium                                           6.5009091 6.5009091 5.9619297 6.2064860 5.9619297 6.2064860 7.1704907 1.1535683 0.9830807 1.1535683 0.7184094 0.0000000 2.2189271 0.5241235 0.8639320 0.9660718 2.6998919 0.6621374 1.2771709 3.1829873 2.4039552 1.1554079 0.6554423 2.6139814 0.8698395 1.0813986 1.3713456 1.0225307 3.1768236 2.5450926 0.9607722 2.1179516 2.7474061 2.1227349 0.6045762 2.7724218 1.3459370 3.6575302 1.3104311 3.1461437 1.2584529 3.0777575 2.6030635 1.4903890 0.9379548 2.8236384 1.4925104 1.7204759 2.7256706 2.5707500 1.2867318 0.7876511 2.8039688 2.3182363 1.2430917 2.3013827 2.1632422 1.3485666 1.3661303 2.5356086 1.7983963 1.7235699 1.7721824 2.4744107 2.5311285 1.5300210 1.2015353 2.1301537 3.8206654 1.6573737 1.5865755 2.7951689 2.7618180 2.3630442 1.2013945 2.3610445 1.3403879 1.0729416 3.3247055 2.0020815 2.6087936 2.9437047 2.7493334 1.7994145 1.6204975 2.3020634 1.5480658 1.3964233 2.8077081 3.2526909 2.7293652 1.4958410 1.7475753 1.1023416 1.3253411 2.1192750 1.1624210 2.0892882 2.0830688 2.4322337 2.2983310 2.4677468 1.1828302 2.4477996 3.4815168 1.6883328 1.7907220 2.5639274 1.9512277 2.1259042 1.6507022 3.0197837 1.8841806 1.2556108 3.2068179 1.9681783 2.7811400 2.4864854 1.5623856 2.2667988 3.2977600 3.6662595 1.3201792 3.0897262 1.7009023 1.4868895 3.0591465 2.7285163 3.7895143 4.3290052 1.6617392 2.5688112 
gi|225168618_Dethiobacter_alkaliphilus_AHT_1                                     4.3674443 4.3674443 4.8761682 4.8787310 4.8761682 4.8787310 5.7891148 2.3059721 2.1388408 2.3059721 2.0652689 2.2189271 0.0000000 2.9604333 2.3325654 2.1424331 0.8496405 2.4640537 3.1119347 0.9677682 0.9822676 2.6293107 2.9611484 0.8900158 2.3651447 2.4191385 4.1554651 2.9051033 1.5823657 1.1266289 2.0123858 1.2680014 0.8287786 1.3977058 2.8065432 0.9452600 3.3671578 1.2052901 2.7531170 1.0186171 3.6937086 0.7863670 1.5752322 3.5910706 2.8186508 1.7237532 3.1961195 3.2770173 0.9057383 1.0832500 2.5468635 2.7367893 1.6865489 0.8256037 3.7098346 1.6509918 3.5240986 2.7913513 2.8624374 1.5524276 3.3643205 3.6569382 3.8112933 1.4249159 1.1556598 2.9526845 3.3333902 1.3238370 1.5559837 2.8607772 3.4057699 1.1470491 0.7849307 1.0917333 2.6725883 0.8755622 3.6443221 2.8211747 1.4518179 1.3899603 1.4330004 1.4250723 1.5503281 3.7052099 4.5479383 1.7197801 3.1027757 2.5925419 2.2449107 1.5634187 1.7450911 3.3081787 3.8353530 2.9651578 2.9327310 4.3417878 2.1506646 2.9329094 1.2803366 1.8441323 1.5586632 1.0173160 2.9090432 1.3286152 2.2353994 3.0250868 4.5789241 1.3222676 3.1380721 1.7845198 3.2914421 1.9669252 4.0128811 3.2552407 1.6911291 4.5868472 1.8477068 2.3286204 3.4864643 1.8321780 1.2452320 1.6205101 2.9844286 2.3161278 3.0032153 3.9989088 2.0146178 1.4680834 2.8761432 1.6874183 3.9118603 3.8547869 
gi|521361547_Streptomyces_rapamycinicus_NRRL_5491                                8.9999982 8.9999982 7.7237008 7.9399905 7.7237008 7.9399905 6.5704981 0.9830588 0.9024362 0.9830588 0.4990826 0.5241235 2.9604333 0.0000000 0.8157700 1.0580874 2.8199695 0.5400939 1.3128164 2.9245204 2.6177139 0.9906816 0.4438688 2.8728948 0.8342939 1.2462522 1.3670984 0.6405287 3.0573446 2.4784108 0.8490069 2.5003141 3.2674593 2.1258239 0.6710800 2.7664236 1.3995777 3.1067946 1.2231425 3.3097835 1.2617140 3.3948821 2.5139780 1.5749362 0.5904251 2.7429561 1.4195555 1.8517138 2.8975257 2.8294856 1.2981081 0.8895609 3.4793676 2.9213756 1.3415158 2.4133107 1.6891252 1.2880751 1.4111140 2.5105233 1.6355161 1.8017769 1.9372219 2.7275532 2.4272749 1.4399262 1.3607638 2.4012856 3.3715679 1.8481586 2.0424759 3.2899004 2.9508525 2.6974882 1.2544816 2.3328032 1.5979930 1.0713513 2.7404214 2.2775617 2.3887364 3.4871407 2.8999214 1.8775026 1.7480291 2.4086768 1.7069213 1.2597147 2.9544711 2.9900643 2.8886584 1.5016528 1.7256613 1.3979999 1.3144759 2.0868655 1.2535005 2.0178180 2.5453438 2.6607749 2.0403943 2.6101754 1.1274377 2.3912017 3.6762045 1.7799614 1.9147436 2.5034928 2.4063701 2.4426520 1.5198509 2.8554688 2.0450157 1.6117921 3.1042776 2.2060039 2.6696818 2.7764039 1.7300259 2.6053975 2.9230367 3.9296264 1.5273080 3.0615627 1.8230472 1.9331909 3.4132303 2.4514128 3.7711103 4.1994675 1.4659448 3.2094122 
gi|504273283_Bacillaceae                                                         5.9937982 5.9937982 5.1393230 6.2354025 5.1393230 6.2354025 6.5996820 0.6273380 0.4894397 0.6273380 0.8937523 0.8639320 2.3325654 0.8157700 0.0000000 0.4526476 2.4535706 0.8848396 1.1116016 3.0715818 2.6808074 1.1592894 0.8818705 2.1957740 0.6567706 1.1698010 1.6038162 1.1238397 2.0963244 2.1781891 0.6075417 2.3484301 2.6503908 2.2037537 0.8895504 2.7208933 1.2755064 3.5428021 0.7691821 2.4485157 1.1997752 3.1640413 2.6630885 1.4177958 1.1045371 2.8746006 1.6070794 1.6433556 2.6057282 2.2458972 1.0206942 1.0160517 2.8865280 2.3312169 1.3286000 2.0626944 1.4672013 1.0672887 0.8541401 2.2662625 1.4542434 1.4547096 1.3986982 2.3716128 2.4580682 1.3175962 1.5075947 2.0460119 3.1916697 1.7899790 1.5177211 2.6362279 2.8621691 2.4412105 0.5798127 2.0741846 1.5568784 1.0127409 2.5069132 1.9158224 2.1708430 2.4233514 2.6260587 1.6993927 1.7480684 2.1907463 1.1618834 1.1179783 2.4883986 2.6074929 2.6573233 1.1661532 1.6827842 1.4749317 1.3365053 1.8764797 0.7502343 1.6188021 2.2425808 2.1770298 1.9888279 2.4755923 1.1812201 2.6780679 3.1468930 1.1423550 2.1253941 2.7751197 2.2463230 2.0205829 1.5107777 2.9610586 1.8756824 1.3786967 2.8884567 1.9256019 2.4576290 2.3943240 1.4301244 2.1529817 2.6255926 3.2684787 1.4131050 2.4187060 1.1857529 1.7749665 2.6244464 2.0006229 2.8297904 3.0240896 1.0325283 2.9559083 
gi|985663489_candidate_division_MSBL1_archaeon                                   6.8468374 6.8468374 6.0063894 8.9999983 6.0063894 8.9999983 6.3854772 0.7899494 0.7125374 0.7899494 0.9175287 0.9660718 2.1424331 1.0580874 0.4526476 0.0000000 2.6150373 0.8042377 1.2948103 3.0851282 2.9937539 1.1995681 0.8106626 2.2390743 0.7339884 1.3216718 1.4425385 1.2858032 2.5334121 2.3571058 0.7352738 2.2888542 2.5503965 2.7213327 0.9330321 2.7700683 1.3121109 4.0442098 0.8487093 2.5724998 1.5728603 3.2313708 2.3803239 1.4499012 1.1743992 2.9275625 2.1069496 1.5349233 2.2959395 2.4933125 1.1735160 1.1356761 2.5895673 2.2836531 1.8419346 2.2565449 1.5740200 0.9979408 0.6550198 2.7162639 1.4090744 1.5108851 1.5564924 2.4786302 2.6591726 1.3797092 1.8824235 2.0698975 3.2961496 2.3479503 1.6490753 2.4947889 3.1118674 2.6300517 0.7039312 2.1209083 1.5601590 0.9481337 2.6909874 2.1682918 1.9592332 2.5616343 2.8460840 1.7269212 1.9366960 2.2558963 1.5699494 1.2783676 2.7792222 2.7322406 3.0287025 1.1017378 1.8323598 1.6434387 1.3722071 2.1354005 0.8499254 1.9954335 2.5993126 2.2849732 2.3255861 2.3132387 1.1332342 2.6256368 3.3445753 1.3893667 2.1984883 3.2400653 2.5261343 2.2969936 1.9936319 3.1598522 1.9234004 1.7471483 3.0455953 1.9563917 2.6360593 2.4245154 1.5285886 2.3592808 2.6900434 3.8553303 1.4043685 2.2958041 1.4527250 2.0347187 2.6358042 2.0289619 3.6010864 3.9026979 1.2771822 2.5211515 
gi|1232004345_Methanosarcinales_archaeon_ex4484_138                              4.4822746 4.4822746 4.6267808 4.3819781 4.6267808 4.3819781 5.6252089 2.3984338 2.2917327 2.3984338 2.5342239 2.6998919 0.8496405 2.8199695 2.4535706 2.6150373 0.0000000 2.8044179 2.6315751 1.0415501 1.0399850 2.6754017 2.7207538 1.2997081 2.6030996 2.4748569 3.2793778 2.8651119 1.3523710 1.1904226 2.3132991 1.6442657 1.0431935 1.4839397 3.3240695 1.2276348 3.0600788 0.9746516 2.3043936 1.3118138 3.9598326 0.9674602 2.1454193 3.3226842 2.6272615 1.8848330 3.3330663 2.9298782 0.7779634 1.1006466 2.4876529 3.7226211 1.5410358 1.1657802 3.9297792 1.5346376 2.9807912 2.2749160 2.9834547 1.3487606 3.1616734 3.7323928 3.1820011 1.5031512 1.2829131 3.1745296 3.3311572 1.5703494 1.6068135 3.7606493 3.1166356 1.2570302 1.2283345 1.5659102 2.8541982 1.4435146 3.2293116 3.3258788 1.5238752 1.7917142 1.5972173 1.1116696 1.5241201 4.2921557 3.5099801 1.6633750 3.5078015 2.9320403 2.2251106 1.1735380 1.8743924 2.9883238 3.3663520 2.9144581 3.1026528 2.6035826 3.0287374 3.0083902 1.4214084 2.2800944 1.8929567 1.0341831 3.2465344 1.9115829 2.2048669 2.9372446 4.3025462 1.6568078 3.2495343 1.8433032 3.8528394 1.9955596 3.7664915 3.3595579 1.6860020 3.4725376 1.4418824 2.1954915 3.2469553 1.8581899 1.7406001 1.5499308 3.0385668 2.7237364 2.5521686 3.2461693 1.9003664 2.0783611 2.6876741 1.3439442 3.6636236 3.5435316 
gi|1005382093_Sporosarcina_psychrophila                                          7.7336551 7.7336551 6.4463570 8.9999985 6.4463570 8.9999985 7.5195445 1.0760205 0.9879359 1.0760205 0.7942383 0.6621374 2.4640537 0.5400939 0.8848396 0.8042377 2.8044179 0.0000000 1.4107320 3.1300067 3.0895166 1.2100950 0.3523690 2.7959482 0.8976705 1.2789156 1.4355030 0.8485912 2.8124751 2.4419720 0.7731105 2.5215822 2.6912959 2.6313943 0.7786537 2.8508341 1.2654734 3.6893973 1.0890289 2.5885115 1.3984710 3.5060006 2.9416368 1.3330095 0.7127856 3.2237498 2.0409485 1.4543845 2.8011343 2.4726728 1.1475074 1.2425934 3.7607951 2.5803699 1.8281795 2.4005856 1.7870234 1.2269536 0.9865057 2.6964347 1.2849321 1.7214731 1.9673494 2.6846296 2.7592526 1.3422509 1.8257722 2.4961139 3.3908521 2.1341051 1.7590580 2.3288581 2.9414799 2.4951562 1.2014494 2.2514163 1.2931622 1.3480205 2.8236939 2.5644458 2.3200744 2.9879123 2.4737483 1.9252306 1.6692243 2.6060132 1.6246198 1.2233948 3.1603090 3.1344633 2.7346727 1.2405086 2.1013069 1.4682234 1.3940500 2.1089045 1.3657662 2.1509889 2.6032086 2.4430243 2.4616074 2.2626884 1.4154539 2.2874181 3.3910474 1.3157993 2.1430473 3.1608899 2.5524594 2.0062010 1.8579059 2.9376281 1.9724093 1.6019580 3.4947182 2.4206010 3.0209978 2.6557917 1.5576025 2.1635115 3.1288647 4.2854416 1.5404360 2.7867926 1.7510135 1.8283217 3.0885854 2.5419540 3.7500569 4.3366166 1.8632548 2.3286947 
gi|1113368431_Sphingobacteriales_bacterium_46-32                                 8.4455212 8.4455212 8.5664827 7.7332480 8.5664827 7.7332480 5.8830620 1.3343817 1.1817241 1.3343817 1.4410705 1.2771709 3.1119347 1.3128164 1.1116016 1.2948103 2.6315751 1.4107320 0.0000000 2.9213844 2.7027055 1.2251425 1.4470554 3.2229835 1.1896835 0.9722667 0.8293577 1.4646814 2.5867656 2.7816893 1.0920789 2.8916393 2.9195764 2.8961994 1.2066000 2.9333722 0.8331320 3.3504296 1.4368016 3.1224280 0.9381634 3.6721774 3.1316048 0.7035170 1.4587499 3.1054678 1.7482966 0.7432254 2.7031540 2.4067166 0.9640053 1.5492436 2.5737612 2.7239887 1.5582840 2.8365385 1.6700232 1.2066752 1.3920958 3.0574265 1.4773830 1.3130144 0.4707674 2.3912444 3.2047717 1.4470928 1.5413389 2.7229025 3.6008779 1.4650662 1.2141921 2.7564490 3.3168122 3.4400322 1.4955237 3.0636181 0.7117628 1.1066174 2.9569184 2.5412671 2.5147471 3.2296659 2.8133368 1.4067350 1.0762747 1.9217929 0.7825160 1.2549863 2.6123070 2.1813599 2.7592909 1.5588388 0.6762991 1.3974328 1.3808626 0.8838417 1.3666146 2.2213472 2.6002952 2.6726145 2.3944567 2.9552402 1.6805911 2.9772328 2.7691991 1.4369585 1.3424806 3.2907906 1.7820370 2.4297134 1.7542706 2.8755269 1.3957740 1.1048098 2.9228046 1.7457594 2.5265167 2.3380839 1.2214173 2.4984879 2.9675677 3.9497933 1.9294227 2.9776830 1.6081081 1.3849081 2.6892153 2.9058772 2.5604228 2.9460914 1.4603569 2.1784956 
gi|1083362792_Candidatus_Doudnabacteria_bacterium                                5.6514852 5.6514852 6.6899132 5.4423182 6.6899132 5.4423182 6.2192538 3.0974691 3.0784181 3.0974691 2.8346531 3.1829873 0.9677682 2.9245204 3.0715818 3.0851282 1.0415501 3.1300067 2.9213844 0.0000000 1.3519039 3.0505373 3.4113001 1.4159583 3.2425366 2.4900384 3.4950768 3.6419131 1.5113608 0.6312390 2.9970609 1.6033270 1.1310494 0.7926039 3.4622707 0.6759502 3.4776578 1.1265963 2.8574151 1.3002721 3.5114448 1.0359982 1.1168662 3.9964771 2.6818786 1.9732998 3.8739914 3.7430119 1.0689270 1.3329938 2.4502450 3.2814879 1.4975670 1.0123385 4.1669624 1.3892045 3.1322420 3.1135995 3.3018407 1.5117903 3.6787945 3.4403422 3.1078261 1.5265619 1.2102677 3.9015061 3.2386655 1.4302886 1.6486361 4.6532585 2.9988747 1.5416095 1.2265698 1.1936200 3.3266488 1.1510998 3.1685499 3.1232132 1.4554021 1.7708228 1.3533322 1.4974751 1.4171088 3.6355975 3.5657741 1.2738767 4.8732246 3.4987720 1.9567314 1.6751427 1.6599274 3.1864565 3.6839336 3.0483710 3.4950613 3.5818609 3.1129431 2.3328916 1.3417964 1.7374781 2.1250791 1.1242825 3.2854627 1.6860497 2.0817734 2.7753901 3.9294485 1.2951053 3.4901729 1.6054249 3.9101989 1.7970885 3.1865097 3.6760851 1.9550328 3.0015475 1.9264107 1.8638903 4.5327093 1.5623366 1.3421227 2.2530937 3.6285321 2.1281412 3.1910647 3.7627283 1.8606447 2.3381309 2.4843227 1.8231629 4.6763319 4.5768696 
gi|917359626_Thermanaerosceptrum_fracticalcis                                    4.2705402 4.2705402 4.2041682 4.7133177 4.2041682 4.7133177 5.3663622 2.6142755 2.2551603 2.6142755 2.0647225 2.4039552 0.9822676 2.6177139 2.6808074 2.9937539 1.0399850 3.0895166 2.7027055 1.3519039 0.0000000 2.2620155 3.0277906 1.1725615 2.1781983 2.6828110 3.0222534 2.5608161 1.5639383 1.1759535 2.8194845 1.6006725 1.0631698 1.5625114 2.8944010 1.0230045 2.5016676 1.1616078 2.6623714 1.0998908 3.4931518 1.0077119 1.8030486 3.4500723 2.7369262 1.5953752 2.8861705 3.0271148 1.2048422 1.3600554 2.8855308 3.0250116 1.5963637 1.0116991 2.8287736 1.3373261 2.7232522 2.3988397 3.0965833 1.4907329 3.1300781 3.5822812 3.6356480 1.5613593 1.3667892 3.3118335 2.9705143 1.5101228 1.7896066 2.6130601 2.8563035 1.3074775 1.0818844 1.6652754 2.5216815 1.2122349 2.7839645 2.8129813 1.3777054 1.6907149 1.7507934 1.3948126 1.6567196 3.4972579 3.0544693 1.6653037 2.7879054 2.3838024 1.7036432 1.2966969 2.1018419 2.1681648 3.3502860 2.4113831 3.2651048 2.8884530 3.1020849 2.2670531 1.5083657 2.3077567 1.9549991 1.1571634 3.4093191 1.5974927 2.7061073 2.7274147 3.1780918 1.4328659 2.8444202 1.7130927 3.1715685 1.4800969 2.9799560 2.7116000 1.3840617 3.9800060 1.6875256 1.8611266 3.4267833 1.6793547 1.7177481 1.6212210 2.7136045 2.4947396 2.7886511 3.3106977 2.1589043 1.9542107 2.8742481 1.7284026 3.6377337 4.1424343 
gi|1086829954_Bauldia_litoralis                                                  8.0246099 8.0246099 7.4922097 8.9999983 7.4922097 8.9999983 7.3698194 1.1336668 0.9108921 1.1336668 0.9113762 1.1554079 2.6293107 0.9906816 1.1592894 1.1995681 2.6754017 1.2100950 1.2251425 3.0505373 2.2620155 0.0000000 1.1307803 3.2902615 1.0856926 1.1724579 1.1485075 1.1028149 2.7602379 2.4812457 1.1710072 2.5606764 2.8303302 3.0825390 1.1478305 3.0081538 1.3752889 2.8728097 1.3346569 3.1957737 1.2374127 4.1517770 3.4761358 1.5145785 1.1775180 2.5028648 1.0986329 1.3596099 3.0335317 3.2492951 1.4273609 1.4280511 3.1120462 2.6293423 1.1422302 2.1818223 1.5167804 0.9993446 1.3721356 3.0917662 1.5739101 1.7824823 1.4885867 3.0379792 3.0755464 1.3229825 0.8989942 2.4866718 2.8236904 1.5666788 1.7870409 3.0436232 2.8662453 3.4022025 1.3957878 2.9191646 1.3224258 0.8785138 3.2139758 2.5214871 2.3868828 3.7095623 2.7560198 1.8553249 1.8472536 1.8577738 1.3612840 0.6821027 2.5096085 2.5176453 2.8946464 1.2978496 1.5083959 1.2360454 1.5295592 1.4361436 1.2375692 1.7421410 2.6425454 2.3437774 2.4694259 2.3891977 1.3769007 2.5300698 2.9646137 1.3765329 1.5774285 2.2551149 1.9101772 2.3946813 0.8573845 2.5378045 1.8057199 1.3108346 3.3470407 1.8828565 2.7686676 2.5177916 1.4259644 2.5572250 2.7085185 3.5260295 1.6108943 3.0036990 1.6786841 1.6784925 2.3762383 2.2844412 2.8673409 3.6622650 1.4388083 2.1360996 
gi|1190743367_Chlamydia_abortus                                                  7.6906154 7.6906154 6.7953543 7.1427071 6.7953543 7.1427071 6.7761419 1.0393116 0.9760491 1.0393116 0.6611740 0.6554423 2.9611484 0.4438688 0.8818705 0.8106626 2.7207538 0.3523690 1.4470554 3.4113001 3.0277906 1.1307803 0.0000000 2.7545225 0.9649765 1.2626762 1.4675732 0.6967206 3.2096147 2.6674855 0.9020422 2.6780831 2.6830704 2.6548126 0.7888554 2.5469912 1.3234811 3.9346189 1.1129229 2.6333940 1.3271416 3.9076182 3.0164625 1.5177572 0.5871271 3.2163065 1.8201839 1.9035937 2.7903423 2.6592504 1.4287809 1.2504666 3.6911746 2.5977402 1.7109204 2.3463449 1.8612192 1.2613608 0.9015655 2.7867761 1.5350624 1.8573371 1.9589105 3.1192433 2.7509940 1.5907333 1.6777373 2.3138883 3.2273456 2.3308660 2.1314795 2.9934803 3.4850537 2.5971840 1.0146060 2.0889222 1.6668552 1.2674800 3.1514315 2.6901649 2.0921650 3.4678563 2.5208828 2.1999036 1.9479352 2.5708288 1.5732021 1.2178808 3.3996400 3.3540085 2.5748910 1.2788390 2.0282826 1.2574610 1.3873090 1.9407792 1.3339059 2.1393014 2.6878116 2.5118573 2.4521477 2.1373186 1.1727220 2.6312075 4.0445108 1.6826604 2.3433667 3.2915201 2.5411758 2.2314228 1.7541750 2.9628297 1.9226230 1.6137841 3.6298174 2.4128948 3.0087662 2.8761124 1.5822659 2.3323390 2.9307385 4.7217747 1.4354707 2.5481535 1.7932324 2.0217556 2.8012659 2.8698860 3.5148783 3.9550221 1.8500619 2.3874121 
gi|1277813847_Candidatus_Aquicultor_secundus                                     4.9046724 4.9046724 5.4421604 4.6717126 5.4421604 4.6717126 7.2213590 2.6948225 2.5102256 2.6948225 2.3020501 2.6139814 0.8900158 2.8728948 2.1957740 2.2390743 1.2997081 2.7959482 3.2229835 1.4159583 1.1725615 3.2902615 2.7545225 0.0000000 2.6968508 2.5728695 4.1319428 3.2633117 1.7915073 1.3467277 2.1840130 1.4251928 1.2300498 1.1952876 2.7189506 1.3177059 3.2020671 1.3428213 3.0136222 1.1839504 4.0013926 1.0815527 1.5659889 3.4481268 3.3340622 1.4883058 3.6474661 4.1278886 1.1369399 1.1211181 2.8205364 2.8618880 1.9359679 1.0373708 3.8096762 1.3103315 3.1968337 3.4461944 3.2683148 1.4343945 3.5259488 4.0055880 3.9289172 1.6473988 1.6629841 3.0898592 3.8781509 1.2888143 1.9562378 4.3618055 3.8170106 1.9822646 0.9706309 1.2965199 2.6967843 0.9632276 3.5434884 2.8590084 1.4910326 1.6424725 1.6138656 1.5335309 1.6130734 3.9941973 4.1450232 2.0707686 3.3470523 2.7247756 1.9982501 2.3722382 1.4092832 3.4867890 4.0158128 2.9647224 3.2004507 4.2784246 2.9340123 3.6851159 1.5484124 1.5686880 2.0810164 1.5277180 2.6838581 2.3748917 2.5652801 3.2657987 3.7173070 1.7124756 3.0105672 1.7857334 3.9982769 1.9650679 4.4130358 3.3172660 1.8377651 4.1964927 2.2468186 2.0210463 3.7627641 1.7510163 1.4303347 1.5201748 2.6022722 2.2076425 3.3331523 3.6445284 2.8339073 2.4046206 2.7201435 2.1184108 3.0827334 4.7127692 
gi|1084557323_Chloroflexi_bacterium_RBG_13_68_17                                 5.7339832 5.7339832 4.7228106 7.6670647 4.7228106 7.6670647 7.1880189 0.5872675 0.4558327 0.5872675 0.6418737 0.8698395 2.3651447 0.8342939 0.6567706 0.7339884 2.6030996 0.8976705 1.1896835 3.2425366 2.1781983 1.0856926 0.9649765 2.6968508 0.0000000 1.2501234 1.2441268 0.9097001 2.4464195 2.3450958 0.8107388 1.9505828 2.5333972 2.7724851 0.8870731 2.4895541 1.2899370 3.4142740 0.8336212 2.6681790 1.3869322 2.7563952 2.6542196 1.4525207 0.9926936 2.2931163 1.5911930 1.4593499 2.5071572 2.4114725 1.2580953 1.1896036 3.0963618 2.1263333 1.2083929 2.1934844 1.5872971 0.8681700 0.6626693 2.6847225 1.4510294 1.7321508 1.5637968 2.2488697 2.6821400 1.3064663 1.2045987 2.3114294 3.0328077 1.6233984 1.7246858 2.7946217 2.4444484 2.4726189 0.8158217 2.2510649 1.3964736 0.9516591 2.8126608 1.7269435 2.2068470 2.7121749 2.7445468 1.6394976 1.4800797 1.7350396 1.2864665 0.9862444 2.6688387 2.3557303 2.9682283 1.1152013 1.3821519 1.4710186 1.1512012 1.6332689 0.9761640 1.6081882 2.1813914 2.7148305 2.4096570 2.3347203 1.3687863 2.5282857 3.3782842 1.4331820 2.0807657 2.6044043 2.6134886 2.5285452 1.2913811 2.4148897 1.7793469 1.1469032 2.6778265 2.2806331 2.4107208 2.3595397 1.0868363 2.6965844 2.3356607 3.0774119 1.3130365 2.4931580 1.6611418 1.6740507 3.1611444 2.1530510 3.4035219 3.7229805 1.0634622 2.4761507 
gi|1286980736_bacterium_HR32                                                     6.2747302 6.2747302 4.8940159 7.3083124 4.8940159 7.3083124 4.8543994 1.0935675 0.9624291 1.0935675 1.1810103 1.0813986 2.4191385 1.2462522 1.1698010 1.3216718 2.4748569 1.2789156 0.9722667 2.4900384 2.6828110 1.1724579 1.2626762 2.5728695 1.2501234 0.0000000 1.2312401 1.2733635 2.7122077 2.6354104 1.1780179 2.4921312 2.4561273 2.4403456 1.4105521 2.7791580 1.1701240 2.7067745 1.3967279 2.8608027 1.0584940 3.0695578 2.5655960 1.1394871 1.5918493 2.8616377 1.2021738 1.6758511 2.1218708 2.6021547 1.1549273 1.2148871 2.8111122 2.0420053 1.5362989 1.9947666 1.5123077 1.0837502 1.3074334 2.5831397 1.8813389 1.4896718 1.2209568 2.3524953 2.5648076 1.2301496 1.1324492 1.6025910 2.6421303 1.7069260 1.6735486 3.0206463 2.6803380 2.6309655 1.2177280 2.2535012 0.9617974 1.2815526 2.5763753 2.0378701 2.0196508 2.8411220 2.5549818 1.6465708 1.7270716 1.9655363 1.3560425 1.0992741 2.3101843 2.4878102 2.1322420 1.5782339 1.3910737 1.4955573 1.3192487 1.3746528 1.1693373 1.9877092 2.8669313 2.4372831 2.1901987 2.1437485 1.6559821 2.2789999 3.0032274 1.3904332 1.8323320 2.0358117 1.9339822 1.8660318 1.4686929 2.8391759 1.4872401 1.1851768 2.4590987 2.0242006 2.7496381 2.5528111 1.3145425 1.9178336 2.3628022 3.6607506 1.6787197 2.3113840 1.4885264 1.7378995 2.5602235 2.2645748 2.5394933 2.8275048 1.4507555 2.3386186 
gi|511345327_Clostridium_sp._CAG                                                 8.5730510 8.5730510 8.8489846 8.9999982 8.8489846 8.9999982 6.3697972 1.2417181 1.1837960 1.2417181 1.1928388 1.3713456 4.1554651 1.3670984 1.6038162 1.4425385 3.2793778 1.4355030 0.8293577 3.4950768 3.0222534 1.1485075 1.4675732 4.1319428 1.2441268 1.2312401 0.0000000 1.5012720 3.1321960 2.7502425 1.4654180 3.5746868 3.5006043 2.9780806 1.5237468 3.1978313 0.8292236 3.6906999 1.2244915 3.5505623 1.1148949 4.5329814 3.2871036 0.7170735 1.5318587 3.4350283 1.4424858 0.9046282 3.2675423 3.3804567 1.4119258 1.6643082 3.4485054 3.2592133 1.4079418 2.6438136 0.9558298 1.2112839 1.3723111 2.9001895 1.1220567 1.6325423 0.9593358 3.1911835 2.9094328 1.3391992 1.4864929 2.9431479 3.9220925 1.5083892 1.2026095 3.3641787 3.6559937 3.6932298 1.6422770 3.4647386 0.5290891 1.2877540 3.6172634 3.1500390 2.8902112 3.2845172 2.9688641 1.1398492 0.9708596 2.0849321 1.2648748 1.4421055 3.1386716 2.5967772 2.9450139 1.3945789 1.0944946 1.4104452 1.2470651 1.1687899 1.5889121 1.9333530 3.2929379 2.6203357 2.6018930 2.8935679 1.3818966 3.4725277 3.4441477 1.7491030 1.3102710 2.5628376 1.4144499 2.7454866 1.6484988 3.1119579 1.0425826 1.2512996 3.7170567 1.3880974 3.0564951 2.4400295 1.4396993 2.9116658 3.1991088 4.6087446 1.7327857 2.6471940 1.5484314 1.2999014 3.1003842 3.4879589 3.2329386 3.6236694 1.8543381 1.5337084 
gi|1088412118_Rhodobacteraceae_bacterium_GWF1_65_7                               7.6165148 7.6165148 6.2714699 8.2556633 6.2714699 8.2556633 7.2142713 0.8869860 0.8299164 0.8869860 0.5980746 1.0225307 2.9051033 0.6405287 1.1238397 1.2858032 2.8651119 0.8485912 1.4646814 3.6419131 2.5608161 1.1028149 0.6967206 3.2633117 0.9097001 1.2733635 1.5012720 0.0000000 2.8122173 2.7882307 1.1187990 2.2857954 2.4773703 2.9852013 1.2166534 2.8086456 1.8616740 3.4188980 1.1951561 2.5427067 1.5244501 3.1706267 2.6459341 1.6398829 0.5330135 2.7778396 1.7031952 2.0821431 3.0662094 2.3695150 1.7746824 1.3279531 3.9010628 2.3124679 1.4684260 2.7548010 1.7655779 1.1864619 1.1335378 2.8589565 2.0014325 2.1695117 1.8521622 3.0935583 2.9376556 1.6903746 1.4964961 2.8259847 3.2430123 1.9591245 2.7633825 3.7933238 2.8339428 3.1691036 1.2420145 2.6644819 1.8873962 1.0447593 2.7294468 2.5903878 2.4241545 4.2080154 2.9558259 2.3084370 2.2732378 2.3699901 1.6947304 1.0781246 2.7885378 2.7644616 3.1775544 1.4094450 1.8346707 1.3652659 1.6115649 1.9998141 1.4277410 2.1785293 2.4605846 3.2897879 2.7124389 2.5911017 1.2510294 2.7527608 3.4117896 1.5427540 2.5815805 3.1273589 3.2739092 3.0404318 1.3846252 2.7257522 2.6764930 2.0034334 3.3897910 2.6565906 3.1668038 2.9737336 1.6097970 3.2475059 2.4524186 3.7644537 1.8445289 3.2470258 2.0893784 2.1985831 3.2441369 2.6203516 3.2066214 3.9891744 1.4631864 3.2829486 
