194
Deep-sea_sediment_DRR121219_Rubisco                     0.0000000 4.1485190 3.3723234 4.4525107 4.0034260 3.8024027 5.6307813 3.4918928 3.7908850 4.0607173 3.4906350 3.5082314 3.6533804 3.6558972 4.6372594 3.7026468 3.5893353 3.7934459 4.6445999 4.5771583 4.0712315 3.8728314 4.1235362 3.3409803 3.8339138 3.6531744 4.0729758 3.7366661 3.8728314 4.1235362 4.7433906 3.3409803 3.8339138 3.6531744 4.0729758 4.7433906 4.7726746 4.8608328 4.1328456 4.1586320 4.0108484 3.6135775 3.9102692 4.7726746 3.0340298 4.0108484 4.0265808 4.8608328 4.4997598 4.1328456 4.0071220 4.2029576 4.1438218 4.4881292 4.0265808 4.5350833 4.8608328 4.2002898 4.7726746 4.0108484 4.1328456 4.4728493 4.9000232 7.5012920 4.4881292 4.7726746 4.1328456 4.4997598 4.4881292 4.2346413 4.7527239 4.0682154 4.6602206 5.2618258 4.2817764 3.9543343 4.0965320 4.6554570 4.2115884 4.0291898 4.7621991 3.9970656 4.0181995 8.9999983 4.1527583 3.7732671 3.9236438 3.5089095 4.1409334 3.4430760 3.4565676 4.4579549 3.8390121 3.3681404 3.9169055 3.7341390 4.2275171 4.0476235 4.3682701 4.5019021 4.0574102 3.5803226 4.3203252 4.4913349 4.8917983 4.7773433 4.2334257 4.2676712 5.7305998 3.5789661 4.5140566 4.1901275 3.9322004 7.9096833 4.1481276 3.6047876 3.9067690 3.9677286 4.3769674 4.0876037 4.0793409 3.9809319 4.3452425 3.9664316 5.5197745 4.1475672 4.6577631 4.0965320 4.2958745 4.6493282 4.4107920 4.2470358 3.9505391 3.6105398 4.8626683 4.4246586 3.9183639 6.5993128 4.5585298 4.7802434 4.2241884 4.2436311 4.1656341 4.1055866 4.2944559 3.9186261 3.8938418 4.0332470 3.9786857 4.4104245 3.9186261 3.8938418 4.0332470 3.9786857 4.4104245 3.4772014 4.1454328 3.8117488 3.6897263 4.9627371 4.3507936 3.7831506 4.2901403 5.1042661 4.5666036 6.5864739 5.3848168 4.3769674 3.8278072 4.1527583 4.2817764 3.9543343 4.0965320 4.6554570 4.2115884 4.0291898 4.7621991 3.9970656 4.0181995 8.9999983 4.3579860 4.1037476 3.9281044 4.5139370 3.9899195 3.6742017 3.8987964 4.3473432 4.4194294 4.3327846 4.3973657 4.8904740 4.3473432 4.0564303 
D197_116_contig10_52                                    4.1485190 0.0000000 0.5961611 2.2058280 0.5514227 0.5793390 2.7516739 0.4434672 0.4545511 2.6198700 0.7546102 0.6276067 0.7075290 0.5705556 0.1986174 0.6447624 0.6442880 0.6266118 0.6929095 2.5846477 2.5631437 2.4965282 2.2920148 2.2899443 2.5828444 2.2647837 2.1787619 1.9835289 2.4965282 2.2920148 2.1046010 2.2899443 2.5828444 2.2647837 2.1787619 2.1046010 2.4530586 3.1344147 2.4697431 2.2248047 2.4951428 2.1864399 2.1816336 2.4530586 1.7094501 2.4951428 1.9270989 3.1752472 2.1478594 2.4912615 2.1744370 2.2793961 2.4487316 2.0981233 1.9270989 2.1277102 3.1752472 2.4994731 2.4496733 2.4752396 2.4756078 2.1254987 1.9721032 2.1341762 2.1109481 2.4657997 2.4756078 2.1430959 2.1059062 2.2500830 2.4448223 2.4407932 2.1124545 3.4848983 2.5390813 2.4263578 2.0188916 2.6132131 1.9380883 2.2451121 2.0922237 2.2352286 2.2457479 4.9717941 2.3326690 0.5363600 0.7098543 0.4830816 0.5375207 0.5332238 0.7285268 2.6004867 0.3195718 0.6614500 2.3792159 0.8950400 2.5905266 2.4355633 2.1550980 2.1075731 2.2943526 2.3160605 2.0168110 2.2088479 1.9916388 2.8044870 2.0165620 2.5286523 3.4764113 1.9716777 2.2701228 2.5490489 2.2264445 5.3812061 2.0231828 2.1872373 2.1628628 2.4310127 2.4653730 2.1493692 2.2262809 2.2413418 2.0081257 2.0684507 3.1996821 2.3857666 2.6088564 2.0201417 2.1799757 2.6308860 2.0274065 2.2717623 2.2209219 2.1896912 2.1247917 2.4429337 2.3851533 4.5273841 2.2137541 2.4852107 1.9055641 2.6144436 2.4345166 1.6768569 4.5950328 2.3838410 2.6057876 2.2782897 2.3882474 2.4518693 2.3838410 2.6057876 2.2782897 2.3882474 2.4518693 0.7002709 2.2636574 0.6990904 0.6775588 3.9245661 2.3777398 2.1073395 2.5897331 2.8843773 2.4594642 4.2057170 3.1632646 2.4653730 2.5406773 2.3326690 2.5390813 2.4263578 2.0188916 2.6132131 1.9380883 2.2451121 2.0922237 2.2352286 2.2457479 4.9717941 2.3356437 2.2048943 2.1855264 2.3996256 2.3718390 2.1348587 2.0889602 2.5332460 2.0687906 2.0937225 2.0033868 2.4815603 2.5527543 2.5451002 
D197_116_contig1_292                                    3.3723234 0.5961611 0.0000000 2.0308398 0.5656442 0.5391880 2.5558484 0.5391394 0.6054589 2.5870153 0.4600151 0.4426644 0.7150910 0.5299022 0.5353210 0.3521438 0.3835286 0.3522173 0.9225659 2.3936667 2.5454180 2.3014813 2.0684475 2.3128899 2.4062245 2.1182414 2.1687266 2.1014371 2.3014813 2.0684475 1.7481996 2.3128899 2.4062245 2.1182414 2.1687266 1.7481996 2.3376760 3.1630717 2.5106901 1.9637958 2.3154684 2.1815556 2.0002866 2.3376760 1.5762679 2.3154684 1.5525384 3.1695855 2.2003448 2.5323130 2.0549145 2.0349619 2.4639972 2.0707085 1.5525384 2.1924602 3.1695855 2.5469563 2.3310855 2.3166471 2.5127085 2.0817169 1.9141133 2.1775456 2.0826048 2.3445548 2.5127085 2.1572144 2.0775560 2.1908074 2.3306788 2.4959553 2.1358457 3.2084356 2.4566431 2.3484697 1.8749826 2.5142964 1.6905192 2.1197896 1.8674327 2.2939966 2.1054552 4.7450932 2.2998606 0.6638300 0.5079485 0.4411200 0.7372616 0.5911829 0.6920333 2.4371789 0.5789824 0.4345179 2.3683311 0.9551626 2.6450284 2.3205775 1.9996154 2.0447668 1.9909105 2.2636428 1.8421715 2.1811039 1.8065650 2.5781677 1.9377948 2.4738673 3.5077417 1.4655000 2.3054444 2.2572231 2.0805932 6.2452490 1.8181546 2.1858168 1.9825585 2.2712576 2.4096252 2.0811588 2.0964139 2.3024319 1.8328783 1.9854015 3.2526907 2.2837401 2.5198350 1.8849352 2.0292380 2.4435128 1.8200126 1.9008164 2.0125818 2.1890490 1.9708341 2.3872148 2.2280585 4.9020053 1.9476834 2.4102317 2.0578681 2.4426101 2.4674841 1.3526156 4.4200708 2.2919259 2.4226360 2.0368020 2.1709369 2.3765681 2.2919259 2.4226360 2.0368020 2.1709369 2.3765681 0.8145380 2.0435414 0.7090361 0.6201831 3.9339030 2.3477640 2.0835120 2.3879783 2.8787364 2.4105382 3.9788749 3.1067809 2.4096252 2.3844325 2.2998606 2.4566431 2.3484697 1.8749826 2.5142964 1.6905192 2.1197896 1.8674327 2.2939966 2.1054552 4.7450932 2.4292365 2.1411833 2.3072883 2.1771412 2.5268373 2.1440969 1.9635233 2.2508557 1.9698972 1.8722266 1.8096714 2.4133053 2.2679567 2.4696157 
D197_116_contig1_315                                    4.4525107 2.2058280 2.0308398 0.0000000 2.2000066 2.1488314 1.9731002 2.0640132 2.1665649 1.0541233 2.2626864 2.1416770 2.3499353 2.1196535 2.3010990 2.0548229 2.0878112 2.1181628 2.2789663 1.8668615 1.0471759 1.1353135 1.0829727 1.3265624 1.1937941 1.1207428 1.5986341 1.2929992 1.1353135 1.0829727 1.1503473 1.3265624 1.1937941 1.1207428 1.5986341 1.1503473 1.7105598 3.4382707 1.3428124 1.9385766 1.1535179 2.0663339 1.9101523 1.7164761 2.3163527 1.1535179 1.9031039 3.4841224 2.0565745 1.3398022 2.2975582 1.9339024 1.3486827 2.2170854 1.9031039 2.0012615 3.4841224 1.3467351 1.7034657 1.1472499 1.3436900 2.2382818 2.2081967 2.1764232 2.2296054 1.7048291 1.3436900 2.0462958 2.2350639 2.3967646 1.7085479 1.3392941 2.0787558 3.3778128 1.3235973 1.3147028 1.9240724 1.3641428 1.8847712 2.3040331 2.0810755 2.0523327 1.8557279 4.0248319 1.1631843 2.1189722 2.1243687 2.0301036 2.2353336 2.0311210 2.2332061 1.2025319 2.0337291 2.0812286 1.1105823 2.1921486 1.2605446 1.2131368 2.0701157 2.2500558 1.8632675 2.0959926 1.7792468 1.8307975 1.8882041 2.0200000 1.8910531 1.7261339 3.4230858 2.0714948 2.3640923 1.1982215 2.2858145 5.3375878 1.8756173 2.0715461 1.9014103 1.3011901 1.2832962 2.2933957 1.9138337 2.0583280 1.7993819 2.1019223 3.4293165 1.1408772 1.3591863 1.9240724 2.2792341 1.7941679 1.8266638 1.2429074 1.9253686 2.0617092 2.1542818 1.2884248 1.3089210 4.2122581 2.1289274 1.7550185 2.0456840 1.1621015 1.3445514 1.5864571 4.0792625 1.3338894 1.1981292 1.0973505 1.1376641 2.0286501 1.3338894 1.1981292 1.0973505 1.1376641 2.0286501 1.8711863 0.3983821 2.4559220 2.2533930 3.7441715 1.8925866 1.9153665 1.2503358 2.6937825 1.2715248 3.7861596 3.0638419 1.2832962 1.3483830 1.1631843 1.3235973 1.3147028 1.9240724 1.3641428 1.8847712 2.3040331 2.0810755 2.0523327 1.8557279 4.0248319 2.0542961 1.7228305 1.8269656 1.1047570 1.7701102 2.0733728 1.9379254 1.1861346 1.9658259 1.7730929 1.8681877 1.3811429 1.1943580 1.3387756 
D197_116_contig16_24                                    4.0034260 0.5514227 0.5656442 2.2000066 0.0000000 0.6800348 2.6665840 0.5538065 0.5982282 2.4693357 0.6951510 0.5992372 0.8164778 0.7051051 0.5531730 0.5848960 0.5210830 0.5769714 0.8489527 2.5122652 2.5244407 2.4052665 2.1649756 2.2351749 2.8058905 2.1300271 2.0645010 1.9699194 2.4052665 2.1649756 1.8724659 2.2351749 2.8058905 2.1300271 2.0645010 1.8724659 2.4426839 3.3805326 2.4443196 2.1552052 2.4367331 2.2256895 2.2221493 2.4523155 1.6229085 2.4367331 1.8835257 3.3873949 2.2926566 2.4652835 2.2355765 2.2202607 2.4236268 2.1518347 1.8835257 2.2718778 3.3873949 2.4913824 2.4311080 2.4201976 2.4614523 2.1705607 2.0428162 2.4670908 2.1647426 2.4540274 2.4614523 2.2485685 2.1596443 2.3977963 2.4354920 2.4262302 2.2151165 3.4818663 2.5856438 2.4259629 2.0768521 2.4428464 1.7860062 2.3720956 2.0430086 2.3182846 2.2920346 4.9594545 2.3399219 0.6250539 0.7004045 0.5900969 0.7120889 0.7197191 0.8440536 2.6072194 0.6827536 0.6547285 2.3810679 0.9611782 2.6409249 2.4856834 2.0858636 2.1674740 2.2541405 2.3712061 2.0569961 2.2640422 1.8899290 2.7314079 2.0803075 2.4668867 3.6068150 1.8785813 2.3532557 2.4544990 2.2588460 5.2736452 2.0046031 2.2265199 2.2069475 2.2954518 2.4953314 2.2945193 2.3028736 2.3328234 1.9918677 2.1086439 3.3946165 2.3836420 2.4453000 2.0819582 2.2863497 2.6031658 1.8989424 2.3615474 2.2458695 2.2084936 2.0650333 2.4481943 2.2176156 4.4384347 2.1641453 2.4291744 2.0739842 2.4157760 2.4040697 1.7039253 4.7831891 2.3764012 2.8320744 2.1347263 2.2983411 2.3991444 2.3764012 2.8320744 2.1347263 2.2983411 2.3991444 0.9629952 2.2237826 0.7606306 0.7514230 4.0112855 2.2705980 2.0783619 2.5357274 2.7826003 2.4775444 4.0327360 3.2685000 2.4953314 2.4151531 2.3399219 2.5856438 2.4259629 2.0768521 2.4428464 1.7860062 2.3720956 2.0430086 2.3182846 2.2920346 4.9594545 2.4644855 2.1834399 2.3348549 2.4138067 2.5409018 2.1008700 2.1213729 2.4116840 2.1288249 2.0383570 2.0254417 2.4669642 2.4300997 2.5561456 
D197_116_contig17_26                                    3.8024027 0.5793390 0.5391880 2.1488314 0.6800348 0.0000000 2.7121686 0.5751828 0.5767748 2.6428550 0.6187049 0.4948852 0.6939887 0.2539568 0.5452485 0.5281757 0.5424060 0.5653435 0.9892523 2.4833656 2.4444317 2.3993214 2.1589683 2.3752072 2.4628795 2.1333189 2.1679229 1.9077368 2.3993214 2.1589683 1.9964426 2.3752072 2.4628795 2.1333189 2.1679229 1.9964426 2.3525552 3.5640691 2.3543063 2.1025597 2.5312210 2.1494735 2.1494678 2.3525552 1.4803663 2.5312210 1.8840308 3.6124467 2.3341343 2.3743160 2.0483643 2.1573229 2.3626988 2.0763255 1.8840308 2.3120930 3.6124467 2.3820546 2.3460144 2.5258043 2.3391675 2.0874494 1.9899642 2.1768275 2.0883505 2.3594848 2.3391675 2.2961205 2.0832427 2.2286769 2.3455038 2.3221789 2.2900046 3.7305525 2.5413358 2.5034609 1.9630130 2.4624301 1.8088222 2.1495120 1.9655863 2.2456712 2.2853049 4.6419336 2.4005007 0.5666258 0.5867670 0.5176586 0.7285878 0.4610090 0.7153675 2.5486832 0.7140548 0.5909687 2.3612255 0.9170347 2.6852903 2.4752816 2.0744144 2.0217985 2.2007000 2.2789856 1.9466993 2.2574067 1.9614897 2.6051698 2.0778818 2.3850086 3.8570766 1.5749368 2.3072201 2.4819175 2.1089809 4.3230753 1.9736883 2.1508684 2.1306187 2.3504384 2.4672841 2.0736157 2.2850527 2.2576108 2.0041208 2.1382924 3.7024469 2.4154022 2.4742610 1.9650476 2.1415072 2.4702430 1.9521451 2.2365494 2.1514358 2.1107066 2.0101857 2.4559749 2.2993960 4.7312898 2.0908345 2.4152495 1.8091501 2.6215038 2.3386381 1.5305629 4.6826375 2.2847229 2.5261956 2.1537685 2.2910538 2.3462331 2.2847229 2.5261956 2.1537685 2.2910538 2.3462331 0.7599904 2.1741884 0.6748159 0.5917018 3.6407027 2.2673496 2.0322159 2.6326721 2.8651143 2.5022125 3.7747042 3.0253685 2.4672841 2.4736403 2.4005007 2.5413358 2.5034609 1.9630130 2.4624301 1.8088222 2.1495120 1.9655863 2.2456712 2.2853049 4.6419336 2.3541684 2.2099891 2.2531220 2.5115552 2.4254687 2.1171260 2.1124859 2.4607056 2.1330313 2.1104363 1.9741243 2.5247961 2.4794831 2.4765682 
D197_116_contig18_20                                    5.6307813 2.7516739 2.5558484 1.9731002 2.6665840 2.7121686 0.0000000 2.5976096 2.7074133 2.0121986 2.8128048 2.4367089 2.8714041 2.7100137 2.7930558 2.5872567 2.6005619 2.5765222 2.3208490 0.7137955 2.0083398 2.1859908 1.8551624 2.0908999 2.4611395 1.4075963 1.3750326 2.9631103 2.1859908 1.8551624 1.8757453 2.0908999 2.4611395 1.4075963 1.3750326 1.8757453 1.8993630 2.9737581 2.2567540 2.6968854 2.2879184 1.8596039 1.9000535 1.9067260 1.8846659 2.2879184 1.9913139 2.9717368 2.1547111 2.2709999 2.0991073 2.6295013 2.2578330 2.0825971 1.9913139 2.1472396 2.9717368 2.2664812 1.8922057 2.2773292 2.2562064 2.0983474 1.9359437 1.7745795 2.0991547 1.9010646 2.2562064 2.1555258 2.0925228 2.0278496 1.8892497 2.2399011 2.1510277 2.8374184 1.8793133 2.2905960 2.2546515 2.1902496 1.9856716 2.0677433 2.1537533 1.7271168 1.8776751 6.0732247 2.1611133 2.6864682 2.4866700 2.4938417 2.7601807 2.4553787 2.5547363 2.1979456 2.5897969 2.4990480 1.9529924 2.5229531 2.0624939 2.2780201 2.0296291 2.1405226 1.8534033 1.8555122 2.0870399 2.1358721 2.0820238 1.9706160 2.1011756 2.0084807 3.2034566 2.0735957 2.1701123 2.2942563 2.1323770 5.2730696 2.2136713 1.8596039 1.8873521 2.2909187 1.9757884 2.0919149 1.9038396 1.7343003 2.2081028 2.2472525 2.9149727 2.2336080 2.2257172 2.2546515 2.0734918 1.9100705 2.3500541 2.1852473 1.8990544 1.8207276 2.0993427 2.0153679 2.3012597 4.1792505 2.2279989 1.9650528 2.0000872 2.3307671 2.2714669 1.9892991 5.2289700 1.9547809 2.5224784 1.8696599 2.1427142 1.8296598 1.9547809 2.5224784 1.8696599 2.1427142 1.8296598 2.6622835 2.0014100 2.6111676 2.7334617 4.4307264 1.9151395 2.3009512 2.3284641 2.7514092 1.9497714 5.4045658 4.6377531 1.9757884 2.2529778 2.1611133 1.8793133 2.2905960 2.2546515 2.1902496 1.9856716 2.0677433 2.1537533 1.7271168 1.8776751 6.0732247 1.9261775 2.0495085 1.8676487 2.1125133 1.7818025 1.8198205 1.9606637 2.2934345 2.1992941 2.0979929 2.3326110 2.1642150 2.2975036 2.0531864 
D197_116_contig19_21                                    3.4918928 0.4434672 0.5391394 2.0640132 0.5538065 0.5751828 2.5976096 0.0000000 0.4363045 2.3203180 0.7172781 0.5624675 0.7011139 0.5494630 0.4495676 0.5632371 0.5503836 0.5951984 0.8054760 2.4420851 2.3620778 2.2060420 2.0770431 2.2950156 2.4311955 2.0137432 1.9654451 1.9756983 2.2060420 2.0770431 1.8212628 2.2950156 2.4311955 2.0137432 1.9654451 1.8212628 2.3505394 3.2417060 2.4053760 1.8315056 2.3569724 2.1315207 2.1256717 2.3726889 1.5982997 2.3569724 2.1207739 3.2835140 2.0459363 2.4261566 2.3491674 1.8611277 2.3486835 2.0590625 2.1207739 2.0517850 3.2835140 2.4337250 2.3556562 2.3518041 2.4111021 2.0697171 2.0314434 2.1669987 2.0717146 2.3613713 2.4111021 2.0550800 2.0667573 2.5145537 2.3483389 2.3632550 1.9333122 3.4598737 2.5290134 2.3772733 1.8545261 2.4467501 1.8120384 2.4018681 2.0119135 2.2102369 2.1853177 5.0746056 2.2748558 0.5543631 0.6742310 0.5214442 0.5770472 0.5511788 0.8064099 2.3653043 0.5068560 0.6553665 2.0663210 0.9909910 2.6460350 2.3354123 2.3075525 2.1287714 2.0818688 2.2209022 1.9198228 2.1083589 1.8865777 2.6587546 1.9928205 2.3589620 3.4694294 1.7374057 2.3415230 2.3871252 2.3763156 5.7771401 1.8079992 2.1322606 2.1000123 2.2253961 2.4992061 2.3575667 2.1745300 2.2189233 1.9251943 1.8852455 3.2235774 2.2837102 2.4459328 1.8592087 2.3601050 2.5154486 1.7044197 2.3051215 2.0973354 2.1472395 2.1886077 2.4891409 2.2036266 5.0575764 2.1588562 2.4358816 2.0073263 2.4197250 2.3702492 1.9066346 4.5819830 2.3416525 2.4521571 2.0664715 2.1342676 2.2704978 2.3416525 2.4521571 2.0664715 2.1342676 2.2704978 0.8187961 2.0198443 0.6795790 0.7199782 3.7097297 2.4307694 2.1872194 2.5005996 2.7625924 2.4892206 3.7742416 3.0999022 2.4992061 2.3151986 2.2748558 2.5290134 2.3772733 1.8545261 2.4467501 1.8120384 2.4018681 2.0119135 2.2102369 2.1853177 5.0746056 2.2895351 2.0398404 2.2725101 2.3688131 2.2687348 2.0360546 2.0446107 2.3563080 1.8526843 1.8690911 1.9306512 2.3408910 2.3741407 2.2951680 
D197_116_contig2_35                                     3.7908850 0.4545511 0.6054589 2.1665649 0.5982282 0.5767748 2.7074133 0.4363045 0.0000000 2.6365829 0.7320525 0.6337882 0.6537197 0.5672444 0.4810626 0.5960642 0.6187559 0.6136601 0.7184875 2.4476545 2.6097394 2.5136560 2.0696478 2.2891819 2.4437283 1.9481236 1.9764200 1.9676864 2.5136560 2.0696478 2.1302101 2.2891819 2.4437283 1.9481236 1.9764200 2.1302101 2.2839571 3.4132667 2.4467810 2.0049033 2.4438220 2.1313021 2.2531349 2.3056261 1.5962061 2.4438220 2.0846910 3.4590628 2.2905422 2.4680100 2.3174468 2.0561254 2.4228079 1.9603566 2.0846910 2.2915780 3.4590628 2.4759805 2.2883861 2.4348873 2.4525893 1.9620441 2.2313849 2.4811730 1.9728515 2.2945515 2.4525893 2.2674787 1.9679976 2.4663548 2.2784749 2.4296106 2.1946253 3.8461855 2.5822077 2.3790003 1.9580979 2.4314522 1.8260631 2.3711127 2.1409074 2.2022367 2.3564592 4.7324456 2.3642875 0.3488669 0.6682119 0.5133979 0.6293274 0.5211001 0.7001906 2.3407259 0.4925336 0.6883896 2.3586128 0.8951344 2.6309630 2.3474873 2.2161946 2.2227628 2.2260115 2.2831331 1.9912586 2.1553725 1.9340567 2.6006257 1.9795440 2.3792856 3.7248954 1.6279460 2.1514717 2.4036567 2.3271108 4.4572689 1.8799327 2.1363844 2.2367540 2.3451832 2.5585537 2.3308843 2.3366153 2.2041611 2.0299450 2.0727214 3.4920572 2.4141645 2.4294360 1.9520996 2.2944915 2.4350593 1.9071554 2.3009070 2.1876250 2.1387118 2.1097150 2.5250176 2.3399336 4.7732678 2.2168405 2.3632951 1.8102556 2.4057537 2.3930987 1.7964104 4.9689383 2.2625181 2.5070035 2.0592530 2.4246136 2.3105888 2.2625181 2.5070035 2.0592530 2.4246136 2.3105888 0.6885417 2.1808970 0.6506247 0.7244941 3.8762399 2.2388975 2.1471968 2.5906934 2.8549277 2.5926577 3.5973889 3.0880362 2.5585537 2.4034893 2.3642875 2.5822077 2.3790003 1.9580979 2.4314522 1.8260631 2.3711127 2.1409074 2.2022367 2.3564592 4.7324456 2.5097030 2.1851731 2.2634611 2.4091334 2.3937590 2.0750755 2.1871710 2.3887605 2.0601254 2.0539761 1.9121731 2.4180996 2.4069098 2.4347624 
D197_116_contig24_16                                    4.0607173 2.6198700 2.5870153 1.0541233 2.4693357 2.6428550 2.0121986 2.3203180 2.6365829 0.0000000 2.7788949 2.4923522 2.5148885 2.5225544 2.7876208 2.4371877 2.5090673 2.5937935 2.7740839 1.8340404 0.4369644 1.2520535 1.3543915 1.6830727 1.3605084 1.3735097 1.7513942 1.4225294 1.2520535 1.3543915 1.3000553 1.6830727 1.3605084 1.3735097 1.7513942 1.3000553 2.0467759 3.9318686 1.5132123 2.2948904 1.4951410 2.1048025 2.0825964 2.0671064 1.9918969 1.4951410 2.3907322 3.9905132 2.0145990 1.5259651 2.4898286 2.2453523 1.5238978 2.5576691 2.3907322 1.9924988 3.9905132 1.5244859 2.0601287 1.4905932 1.5154987 2.5845905 2.1076415 1.8835698 2.5710575 2.0403671 1.5154987 1.9812112 2.5716414 2.4155978 2.0517645 1.5098829 2.0379138 3.8888488 1.3753222 1.3046535 2.1973815 1.5752250 2.1695495 2.4581918 2.4045098 2.0821375 2.0978059 4.6454441 1.5250680 2.6009699 2.4474174 2.4173862 2.4830872 2.3135805 2.6544339 1.1251540 2.4588913 2.4663053 0.4091629 2.6005288 1.4137308 1.5162641 2.3591449 2.3787432 2.0217907 2.1420275 2.0536140 1.8858341 2.1286097 2.0917091 2.1003480 1.9307302 3.9111294 2.3329578 2.6189421 1.5604265 2.5571110 3.7515672 2.1902418 2.1026608 2.0647561 1.3620509 1.3321581 2.5005030 2.1152225 2.0935658 2.0719589 2.1064842 4.0268138 1.5416875 1.5727085 2.1973815 2.5162580 2.0860085 2.0596861 1.4874663 2.1275184 2.0692834 2.4924101 1.3421032 1.3428888 3.2535474 2.4373382 2.1459378 2.4698443 1.6210627 1.5317193 2.3473951 4.0868076 1.6061849 1.3877729 1.3192406 1.2829533 2.0592976 1.6061849 1.3877729 1.3192406 1.2829533 2.0592976 2.3088906 1.0469461 2.7750881 2.5496939 3.8486477 1.9553274 2.1531140 1.4535157 2.7358720 1.3298057 3.6958000 3.5529890 1.3321581 1.3605492 1.5250680 1.3753222 1.3046535 2.1973815 1.5752250 2.1695495 2.4581918 2.4045098 2.0821375 2.0978059 4.6454441 2.1920975 2.2009598 2.0893963 1.3807429 1.8987791 1.9904526 2.1473022 1.5651860 2.0105265 1.9868086 2.0150529 1.4318755 1.5763144 1.4842630 
D197_116_contig27_1                                     3.4906350 0.7546102 0.4600151 2.2626864 0.6951510 0.6187049 2.8128048 0.7172781 0.7320525 2.7788949 0.0000000 0.5471851 0.8767638 0.6451890 0.7267030 0.4546792 0.4553418 0.4542165 1.1827296 2.6594525 2.6542524 2.4346465 2.1912741 2.4231163 2.6600039 2.2716251 2.3777282 2.5629033 2.4346465 2.1912741 2.5935730 2.4231163 2.6600039 2.2716251 2.3777282 2.5935730 2.6048637 3.3772403 2.6172106 2.1435713 2.6972065 2.3703642 2.2396852 2.6048637 1.3583017 2.6972065 1.8579314 3.3841961 2.3620226 2.6395348 2.1456998 2.2301347 2.5952438 2.2359261 1.8579314 2.3534194 3.3841961 2.6552664 2.5993757 2.6794300 2.6193109 2.2292583 2.0645634 2.3248521 2.2332568 2.6124640 2.6193109 2.3408000 2.2280715 2.3534657 2.5970984 2.5716811 2.3389191 3.1713594 2.5902488 2.6002862 2.0232488 2.6026470 1.9220976 2.2054475 2.0091116 2.5105187 2.3799862 5.2315012 2.6053681 0.7849930 0.3442545 0.6547280 0.9111907 0.7088826 0.8794939 2.5582790 0.7534257 0.6130796 2.4559397 1.0362694 2.7639027 2.7120798 2.2915978 2.1295535 2.3399216 2.4641981 1.9517982 2.3962959 2.0282627 2.6721858 2.1571346 2.6486377 3.5210671 1.8097493 2.4138715 2.6536623 2.1814942 5.9936182 1.9288301 2.3747415 2.2143404 2.4724802 2.5072274 2.1727322 2.4041749 2.4938166 1.9792780 2.1905725 3.4073313 2.6325051 2.6275847 2.0267082 2.2197840 2.6930346 2.0477747 2.5865833 2.2986864 2.3501482 2.1804447 2.4657453 2.4687735 4.5503916 2.1930695 2.6313291 1.9961737 2.6296289 2.5754395 1.8438977 4.2290071 2.3916060 2.7295768 2.1794000 2.4609279 2.6867245 2.3916060 2.7295768 2.1794000 2.4609279 2.6867245 1.0425891 2.2677072 0.8598874 0.7708454 4.2217610 2.3958466 2.1139987 2.7453232 2.9712717 2.5070856 3.9763133 3.1281808 2.5072274 2.6235218 2.6053681 2.5902488 2.6002862 2.0232488 2.6026470 1.9220976 2.2054475 2.0091116 2.5105187 2.3799862 5.2315012 2.5578229 2.2756019 2.3510511 2.3878261 2.7048254 2.3401059 2.1782335 2.6032931 2.2497048 2.0110841 1.9732878 2.6182359 2.6037101 2.4595969 
D197_116_contig31_4                                     3.5082314 0.6276067 0.4426644 2.1416770 0.5992372 0.4948852 2.4367089 0.5624675 0.6337882 2.4923522 0.5471851 0.0000000 0.6987570 0.5259093 0.6222715 0.4047777 0.4027048 0.4679091 0.8766203 2.2871237 2.2967308 2.3188818 2.1333403 2.2164527 2.5200330 2.2537042 2.1248183 1.8725136 2.3188818 2.1333403 1.8852521 2.2164527 2.5200330 2.2537042 2.1248183 1.8852521 2.2413157 2.9837898 2.4310592 2.0054639 2.3926568 2.0914373 2.0777254 2.2413157 1.6014922 2.3926568 1.6454402 3.0210378 2.2920753 2.4521116 2.0128664 2.0548635 2.4102741 2.1610789 1.6454402 2.2940761 3.0210378 2.4659129 2.2343398 2.3938743 2.4330123 2.1835983 2.0916739 2.4805834 2.1731383 2.2479379 2.4330123 2.2474075 2.1688654 2.1661588 2.2345994 2.3918057 2.2621785 3.0190322 2.4531783 2.3777973 1.9096936 2.4498716 1.6971830 2.0666154 1.9923697 2.1732670 2.0851409 4.6262272 2.2588737 0.6429684 0.5476754 0.4643619 0.7428796 0.5307657 0.7518261 2.3918456 0.6554935 0.4650536 2.4076249 0.8908603 2.6097894 2.3902621 2.0258776 2.0285531 2.1101823 2.1285894 1.8361339 2.0880641 1.8097708 2.5497415 1.9869381 2.3908795 3.0898241 1.4920216 2.3972349 2.4069314 2.0484496 5.6435773 1.8604217 2.0956308 2.0604502 2.2478204 2.3464206 2.0425288 2.0749111 2.1803275 1.8557554 2.1509129 2.9724654 2.2836191 2.4735334 1.9037192 2.0573435 2.4573983 1.9004788 2.3062434 2.0680523 2.0588685 1.9823226 2.3203940 2.2228337 4.6334951 2.1008674 2.3355151 2.0305652 2.4626531 2.3916000 1.4590900 4.7669353 2.3041990 2.5421794 2.1024647 2.2128666 2.3888839 2.3041990 2.5421794 2.1024647 2.2128666 2.3888839 0.7840190 2.0861794 0.6730803 0.5690317 3.9227011 2.3861962 2.0562958 2.6232776 2.8714703 2.3859144 3.6663997 3.0537451 2.3464206 2.3474406 2.2588737 2.4531783 2.3777973 1.9096936 2.4498716 1.6971830 2.0666154 1.9923697 2.1732670 2.0851409 4.6262272 2.5006957 2.1541624 2.2933760 2.3165322 2.3612906 2.0379116 2.0114520 2.3992465 2.1209700 1.8602026 1.8262878 2.3883848 2.4175004 2.2803720 
D197_116_contig4_2                                      3.6533804 0.7075290 0.7150910 2.3499353 0.8164778 0.6939887 2.8714041 0.7011139 0.6537197 2.5148885 0.8767638 0.6987570 0.0000000 0.6406441 0.7617714 0.7236987 0.7227382 0.8039496 0.9942736 2.5003416 2.5123124 2.6477089 2.3135646 2.3654931 2.3533651 2.3454371 2.3028859 1.7387446 2.6477089 2.3135646 2.1215202 2.3654931 2.3533651 2.3454371 2.3028859 2.1215202 2.5964535 3.6627263 2.4005357 2.2504616 2.5415038 2.3293073 2.2864530 2.5964535 1.7311357 2.5415038 1.7464942 3.6701711 2.4363503 2.4211300 2.3115711 2.3315134 2.4060789 2.2554158 1.7464942 2.4019932 3.6701711 2.4138466 2.5725620 2.5346382 2.4062160 2.2993197 2.2992102 2.4703602 2.2843376 2.6039936 2.4062160 2.3829492 2.2790518 2.3919968 2.5896626 2.3608951 2.3314100 3.6208411 2.5536483 2.5883981 2.1141495 2.5021020 1.8978254 2.3408551 2.0705920 2.4531587 2.4080525 4.8536393 2.5217846 0.6760414 0.7783323 0.5217350 0.7107097 0.7126004 0.6981667 2.6849630 0.9012938 0.8245543 2.4016850 1.0845421 2.7565282 2.5570187 2.2448985 2.2318196 2.2057703 2.4361238 2.0359348 2.0982464 1.9491454 2.6454971 2.1924067 2.6929091 3.9078550 1.7468796 2.3755928 2.6121281 2.3437995 5.7554948 2.1778740 2.3336810 2.2690691 2.5312532 2.4641344 2.3026364 2.3710872 2.4457373 2.0692421 2.1941160 3.7693382 2.5339279 2.5048105 2.1076480 2.2785802 2.3596579 2.0776872 2.4162412 2.2868854 2.2792418 2.1346659 2.4516337 2.4974022 3.9756626 2.2156153 2.6110655 2.0060392 2.6560991 2.3865315 1.6535277 4.6432791 2.4249929 2.4366645 2.2464967 2.5330360 2.5381103 2.4249929 2.4366645 2.2464967 2.5330360 2.5381103 0.8957461 2.2596426 0.7029334 0.6559868 4.3738251 2.2850794 2.2868454 2.5689044 3.1949860 2.5084390 3.9521356 3.3526418 2.4641344 2.5876320 2.5217846 2.5536483 2.5883981 2.1141495 2.5021020 1.8978254 2.3408551 2.0705920 2.4531587 2.4080525 4.8536393 2.6643782 2.4250900 2.6352213 2.4028802 2.5879317 2.2331786 2.2536180 2.5414165 2.1595323 2.1220284 2.0732637 2.5207866 2.5609234 2.4611006 
D197_116_contig4_85                                     3.6558972 0.5705556 0.5299022 2.1196535 0.7051051 0.2539568 2.7100137 0.5494630 0.5672444 2.5225544 0.6451890 0.5259093 0.6406441 0.0000000 0.5230595 0.5233630 0.5494470 0.5932669 0.9227215 2.4430544 2.4383264 2.3163318 2.1211665 2.3303717 2.6689862 2.0238024 2.2572063 2.0960246 2.3163318 2.1211665 2.0901354 2.3303717 2.6689862 2.0238024 2.2572063 2.0901354 2.4557280 3.3596730 2.3132394 2.0231935 2.4134496 2.1600526 2.1513541 2.4557280 1.3768993 2.4134496 1.7596768 3.3665447 2.2077537 2.3330079 2.2027141 2.1090256 2.2928068 1.9785574 1.7596768 2.1867148 3.3665447 2.3396936 2.4495865 2.4080128 2.3187767 1.9896509 1.9099212 2.1082061 1.9904818 2.4629604 2.3187767 2.1989721 1.9854924 2.3120595 2.4483523 2.2636971 2.1604256 3.6820526 2.4779284 2.4255210 1.9150386 2.4184042 1.7707101 2.2590365 1.8988177 2.2553613 2.2163439 5.2531399 2.2177480 0.5763698 0.6109027 0.5662185 0.7424910 0.4494981 0.7072822 2.6153023 0.7292522 0.6350302 2.3365513 0.9221004 2.5766324 2.3440291 2.1746204 2.0366453 2.1628230 2.2424564 1.9620609 2.2590582 1.8995036 2.6627027 1.9192009 2.4878153 3.4948702 1.5036330 2.2033222 2.3511392 2.2413840 5.1389482 1.9424996 2.1614444 2.1323400 2.2917740 2.4352139 2.2346474 2.2191733 2.2672526 1.9421368 2.0248051 3.3832787 2.2159548 2.4089231 1.9183864 2.2437822 2.5027412 1.9709533 2.2876879 2.1605112 2.1370485 2.0808125 2.4252265 2.2619043 4.5597593 2.0442712 2.4791575 1.7407067 2.4070848 2.2903717 1.5764251 4.5723567 2.2362816 2.6539363 2.1163211 2.2667430 2.3401479 2.2362816 2.6539363 2.1163211 2.2667430 2.3401479 0.7548526 2.1553606 0.6798276 0.5725244 3.8119126 2.2866144 2.0692315 2.5279139 2.7392140 2.4213909 3.6986130 2.8792441 2.4352139 2.3273747 2.2177480 2.4779284 2.4255210 1.9150386 2.4184042 1.7707101 2.2590365 1.8988177 2.2553613 2.2163439 5.2531399 2.2835273 2.2745876 2.1246375 2.3593753 2.4689243 2.1588489 2.1077440 2.3634461 1.9628382 2.0777429 1.9727363 2.4889039 2.3813072 2.3908765 
D197_116_contig5_43                                     4.6372594 0.1986174 0.5353210 2.3010990 0.5531730 0.5452485 2.7930558 0.4495676 0.4810626 2.7876208 0.7267030 0.6222715 0.7617714 0.5230595 0.0000000 0.6377432 0.6400151 0.6356699 0.8702316 2.6227502 2.7493718 2.5043431 2.4508467 2.2085177 2.5463199 2.3785241 2.2083226 1.8436665 2.5043431 2.4508467 2.0481986 2.2085177 2.5463199 2.3785241 2.2083226 2.0481986 2.4614893 3.4454488 2.4775009 2.1183502 2.6057827 2.2537924 2.2882573 2.4670369 1.9700637 2.6057827 1.8898008 3.4408002 2.1637031 2.4988171 2.2122556 2.2023893 2.4566731 2.0961751 1.8898008 2.1438737 3.4408002 2.5069920 2.4509507 2.5886854 2.4833035 2.1231741 2.1522525 2.1347754 2.1088273 2.4686321 2.4833035 2.1741151 2.1038541 2.3160868 2.4542042 2.4543665 2.1236520 3.7367980 2.7575142 2.4417525 2.0197774 2.6496569 1.7962002 2.3042173 2.1115966 2.3274223 2.3302754 5.0578226 2.4237708 0.6088973 0.6984718 0.6023527 0.6118492 0.5482600 0.7846715 2.7913403 0.4249128 0.7768895 2.4581071 0.9921136 2.9123600 2.5307422 2.1888417 2.1335684 2.3644908 2.4403573 2.0901051 2.2487898 2.0368646 2.7962834 2.0388803 2.5639017 3.5877435 1.7470581 2.3028911 2.5546730 2.2380159 5.4352156 1.9879127 2.2546429 2.2690048 2.4293787 2.7449759 2.1994720 2.3126600 2.3360772 2.0111039 2.0597627 3.3321215 2.4589896 2.6580976 2.0247596 2.2687454 2.6242546 2.0149116 2.3480325 2.3063556 2.2660735 2.0991131 2.7192107 2.3837093 4.8745811 2.2436653 2.5019675 1.9815323 2.6791602 2.4421544 1.5814625 4.8590717 2.4264989 2.5687989 2.4353583 2.3721197 2.4536228 2.4264989 2.5687989 2.4353583 2.3721197 2.4536228 0.7361108 2.3328711 0.7512770 0.6830157 3.8238264 2.4048756 2.1880819 2.6404819 2.7242242 2.6783170 3.9652322 3.0569389 2.7449759 2.5622482 2.4237708 2.7575142 2.4417525 2.0197774 2.6496569 1.7962002 2.3042173 2.1115966 2.3274223 2.3302754 5.0578226 2.3331280 2.2538708 2.2646417 2.5617929 2.5169082 2.2468518 2.2016718 2.5477840 2.0404431 2.0493236 2.0296646 2.5106869 2.5671642 2.6696405 
D197_116_contig7_18                                     3.7026468 0.6447624 0.3521438 2.0548229 0.5848960 0.5281757 2.5872567 0.5632371 0.5960642 2.4371877 0.4546792 0.4047777 0.7236987 0.5233630 0.6377432 0.0000000 0.2466009 0.3541292 0.9162572 2.4414318 2.3178786 2.4602311 2.0540682 2.4423897 2.4625450 1.9522079 2.1218238 1.9284727 2.4602311 2.0540682 1.9724627 2.4423897 2.4625450 1.9522079 2.1218238 1.9724627 2.4174731 3.3755354 2.3602245 1.9081302 2.4022512 2.0901883 1.9635509 2.4282769 1.2631489 2.4022512 1.4987362 3.3825087 2.1231499 2.3806998 2.0018035 1.9756057 2.3399903 1.9577887 1.4987362 2.1086483 3.3825087 2.3879010 2.4196639 2.3857401 2.3659113 1.9586007 1.7495594 2.0535404 1.9657468 2.4267280 2.3659113 2.0744743 1.9609136 2.1419760 2.4102554 2.3361405 2.0947348 3.3516256 2.3955409 2.4626138 1.8633991 2.3714188 1.6074867 2.0272456 1.8469090 2.1544965 2.0892519 5.0566447 2.3274468 0.6925363 0.4891314 0.4485761 0.7558367 0.5608273 0.7782102 2.3306715 0.6122752 0.4646315 2.3587269 0.9356857 2.5765551 2.3572113 1.9753800 2.0087217 2.0270451 2.2274134 1.8608181 2.3085441 1.7544357 2.6880711 1.9382975 2.5139986 3.6025094 1.3157727 2.1335189 2.3257678 2.0404189 4.9170109 1.7573527 2.0943133 1.9461540 2.3427251 2.3516273 2.0269516 2.0835683 2.1628919 1.8184388 1.9341658 3.3737967 2.3602395 2.4081372 1.8663242 2.0489740 2.5669910 1.8034521 2.1763035 1.9757959 2.0926972 2.0091923 2.3437209 2.3481425 3.9959883 1.9446117 2.4809442 1.8381193 2.4393445 2.3284689 1.1890032 4.3556497 2.2926017 2.4840770 2.0253433 2.3424490 2.4635543 2.2926017 2.4840770 2.0253433 2.3424490 2.4635543 0.8185054 2.0750302 0.7132264 0.6336878 4.1262846 2.2214238 2.1182254 2.3708776 2.9126789 2.4085270 3.7910544 3.2887867 2.3516273 2.4834771 2.3274468 2.3955409 2.4626138 1.8633991 2.3714188 1.6074867 2.0272456 1.8469090 2.1544965 2.0892519 5.0566447 2.4302692 2.1966208 2.1877458 2.2683960 2.4364153 1.9949350 1.8947779 2.2925336 1.9311142 1.8887766 1.7478214 2.4536048 2.2914335 2.3593269 
D197_116_contig8_68                                     3.5893353 0.6442880 0.3835286 2.0878112 0.5210830 0.5424060 2.6005619 0.5503836 0.6187559 2.5090673 0.4553418 0.4027048 0.7227382 0.5494470 0.6400151 0.2466009 0.0000000 0.3373815 0.8906364 2.5070921 2.3742673 2.4027690 2.0593369 2.3732367 2.5060893 2.0536488 2.1353827 1.6959248 2.4027690 2.0593369 1.9007010 2.3732367 2.5060893 2.0536488 2.1353827 1.9007010 2.4679953 3.4473499 2.3727350 2.0549857 2.4371843 2.1981661 2.1496422 2.4777678 1.4220863 2.4371843 1.9818572 3.4545741 2.1872337 2.3931605 2.1560263 2.1382949 2.3525528 2.1837600 1.9818572 2.1922168 3.4545741 2.4062154 2.4604093 2.4317184 2.3746209 2.1888126 1.8204350 2.1055192 2.1955590 2.4751544 2.3746209 2.1450020 2.1904651 2.3441079 2.4606925 2.3174548 2.1506030 3.4140360 2.4909344 2.3866201 2.0018138 2.2750506 1.8827109 2.2202114 1.9608863 2.2761341 2.2848890 5.1174544 2.3650714 0.6985866 0.4953193 0.4545349 0.7411899 0.5701983 0.7702381 2.2889843 0.6043694 0.4281181 2.3060495 0.9238459 2.6971782 2.3641915 2.1507518 2.1308031 2.2120406 2.2990330 1.9436833 2.1098908 1.8137935 2.7345121 2.0035229 2.5129640 3.6673396 1.9607688 2.3145121 2.4654102 2.1559461 6.2424303 1.9153488 2.2024064 2.1310693 2.2860413 2.4461425 2.1819998 2.2776939 2.2852923 1.9538023 2.0584700 3.4644967 2.3955411 2.3111390 1.9956375 2.2160473 2.6182315 1.9184325 2.2740880 2.1449139 2.2082141 2.1382646 2.4310065 2.2865998 4.0791223 2.0768674 2.5060103 1.8681147 2.4474530 2.3246614 1.7627309 4.5724532 2.3483587 2.5283294 2.0302176 2.2934429 2.4796436 2.3483587 2.5283294 2.0302176 2.2934429 2.4796436 0.8132774 2.1319742 0.6830798 0.6356518 4.0091325 2.2520895 2.0972515 2.4941697 2.9405752 2.4623086 3.9978846 3.1583850 2.4461425 2.3958017 2.3650714 2.4909344 2.3866201 2.0018138 2.2750506 1.8827109 2.2202114 1.9608863 2.2761341 2.2848890 5.1174544 2.5437808 2.2121262 2.3086911 2.3234307 2.5211331 2.0875214 2.0913083 2.3862768 2.0220259 1.9753915 1.8380405 2.3977778 2.3892738 2.3950029 
D197_116_contig8_75                                     3.7934459 0.6266118 0.3522173 2.1181628 0.5769714 0.5653435 2.5765222 0.5951984 0.6136601 2.5937935 0.4542165 0.4679091 0.8039496 0.5932669 0.6356699 0.3541292 0.3373815 0.0000000 1.0666251 2.5833770 2.4603244 2.3353452 2.0243397 2.3087160 2.5675431 2.0016183 2.2315793 2.0133275 2.3353452 2.0243397 1.7824495 2.3087160 2.5675431 2.0016183 2.2315793 1.7824495 2.4772937 3.3108995 2.5716171 2.2241787 2.4474282 2.2067285 2.0936359 2.4869893 1.4904476 2.4474282 1.8215800 3.3176171 2.3591750 2.5937454 2.1884672 2.2665862 2.5514146 2.1303196 1.8215800 2.3474738 3.3176171 2.5941953 2.4698371 2.4307359 2.5632305 2.1354258 1.8387071 2.3656955 2.1420317 2.4843974 2.5632305 2.3030058 2.1370159 2.3732016 2.4700460 2.5177387 2.2692843 3.3993457 2.4584424 2.4153774 1.9235202 2.5410826 1.7827212 2.2358043 1.9411903 2.2596353 2.2298578 5.2134090 2.3443837 0.6858074 0.4921607 0.5162492 0.7699723 0.5876348 0.8033484 2.4521138 0.6792705 0.3541261 2.3521217 0.9186773 2.6730940 2.4508190 2.2001988 2.2487725 2.1616845 2.3680372 2.0052139 2.3269002 1.9206856 2.7030400 2.0077680 2.4998851 3.4487904 1.3775136 2.3379966 2.4271552 2.1795965 6.3716440 1.9592642 2.2109699 2.0757488 2.3010949 2.4794182 2.2277149 2.2047321 2.2547238 1.9323741 2.1060307 3.2942193 2.3530432 2.5657622 1.9154109 2.2489829 2.5702353 2.0315638 2.3072111 2.1016351 2.1919450 2.1299458 2.4497405 2.3090041 4.3772775 2.0378033 2.5305286 1.9820438 2.4234961 2.5267669 1.4062370 4.5232206 2.2768609 2.5503460 2.0301877 2.2075133 2.4988112 2.2768609 2.5503460 2.0301877 2.2075133 2.4988112 1.0087284 2.0670809 0.7242048 0.6426897 4.2737406 2.2519731 2.1434041 2.4031714 2.8482767 2.4779140 4.1818682 3.3848069 2.4794182 2.4430273 2.3443837 2.4584424 2.4153774 1.9235202 2.5410826 1.7827212 2.2358043 1.9411903 2.2596353 2.2298578 5.2134090 2.4843555 2.0834930 2.2264562 2.3287363 2.5318601 2.1211315 2.0402958 2.3804945 2.1143741 2.0071758 1.9671951 2.4737021 2.3986406 2.5305234 
D197_2_contig63_1                                       4.6445999 0.6929095 0.9225659 2.2789663 0.8489527 0.9892523 2.3208490 0.8054760 0.7184875 2.7740839 1.1827296 0.8766203 0.9942736 0.9227215 0.8702316 0.9162572 0.8906364 1.0666251 0.0000000 2.5355541 2.5362712 2.5195300 0.0000010 2.1218851 2.4728074 0.0000010 3.8485416 1.6662242 2.5195300 0.0000010 1.7754472 2.1218851 2.4728074 0.0000010 3.8485416 1.7754472 2.3356549 2.4111937 2.0127949 1.8127946 2.2262488 2.1545344 2.3641020 2.3356549 0.0000010 2.2262488 1.7516004 2.4125829 2.7943418 2.0127949 2.0657690 1.8550059 2.0446504 2.1659998 1.7516004 3.2285312 2.4125829 2.0412437 2.3130341 2.1872758 2.0300907 2.1659998 0.0000010 0.0000010 2.1659998 2.3779076 2.0300907 2.4678423 2.1659998 2.7343238 2.3356549 1.8246800 2.0390206 0.5331930 2.9493707 1.9654989 2.1023071 2.2717600 1.9315993 2.1769890 2.2927218 2.1901582 2.6438452 5.1896284 2.0788159 0.6529496 0.9485321 0.6690684 0.8158921 0.8183969 0.9412313 2.2274609 0.7280548 0.8500470 2.9887886 0.9241191 2.9914784 2.2548888 2.4506250 2.3990827 2.2543251 2.2055277 2.0127066 2.2129087 1.5609483 2.8791629 2.0593100 2.3623164 3.3168594 1.6944168 3.5793403 2.1831325 2.1923182 2.9834464 1.8196575 2.1545344 2.3701720 1.9283161 3.0375582 2.1485115 2.6024871 2.2177103 1.9164384 1.9110227 2.4079422 2.0726709 2.2585515 2.1023071 2.0136591 2.6404454 1.8318702 2.1792104 2.3649949 2.1731020 2.6110289 2.9225128 1.8519122 4.0047646 2.4164478 2.3568766 0.0000010 0.0000010 2.0182166 1.8691555 4.1116923 2.1353069 2.4035975 0.0000010 2.0577221 2.4385048 2.1353069 2.4035975 0.0000010 2.0577221 2.4385048 0.7625889 2.0517968 0.8192369 0.9523160 4.0426732 2.5111632 1.9817516 2.6681995 2.6940304 2.9063200 3.8822850 4.3382201 3.0375582 2.0081534 2.0788159 2.9493707 1.9654989 2.1023071 2.2717600 1.9315993 2.1769890 2.2927218 2.1901582 2.6438452 5.1896284 2.8360848 2.4215141 2.6945157 2.3343416 2.2769935 2.0591704 2.4186415 2.2288131 1.9867351 1.8560402 1.7040100 1.9894418 2.2288131 2.6996592 
D197_2_contig78_3                                       4.5771583 2.5846477 2.3936667 1.8668615 2.5122652 2.4833656 0.7137955 2.4420851 2.4476545 1.8340404 2.6594525 2.2871237 2.5003416 2.4430544 2.6227502 2.4414318 2.5070921 2.5833770 2.5355541 0.0000000 1.7372933 1.8111917 1.6328715 2.1629290 2.2364748 1.1187559 1.3019387 2.6440430 1.8111917 1.6328715 1.8082359 2.1629290 2.2364748 1.1187559 1.3019387 1.8082359 1.8710262 3.6002682 1.9619225 2.3930649 2.0591927 1.9431756 1.9124403 1.8782181 2.5172013 2.0591927 1.7132220 3.5974676 2.1316865 1.9803820 2.1883351 2.4054265 1.9699919 1.9694259 1.7132220 2.0835425 3.5974676 1.9818045 1.8569261 2.0527366 1.9647969 1.9963415 2.3236291 2.2510934 2.0005041 1.8730164 1.9647969 2.1318616 2.0026873 2.2460555 1.8632417 1.9679756 2.0949237 3.3416649 1.9567998 2.0278547 2.0333976 1.9301324 1.6594371 2.1752271 2.0588448 1.7466149 1.9686171 4.8981688 1.9250327 2.4938093 2.3074411 2.2177202 2.4327411 2.2676526 2.6198083 2.3435949 2.7264538 2.5058247 1.9186350 2.4853556 2.0653281 2.0048270 2.0243910 2.2695817 1.8588169 1.9555577 2.1336028 1.8493204 2.1677021 1.9135879 1.8961872 1.8951995 3.6251252 1.4559504 2.1058494 2.0235346 2.2369198 5.0206821 2.0472582 1.9431756 1.8997512 2.0364855 1.9930176 2.2304019 2.0117801 1.7473296 2.1407969 2.1531857 3.6379443 1.9762400 1.9425636 2.0333976 2.1616793 1.8615773 1.9663506 1.9766592 1.9121843 1.9279760 2.0467799 1.9944192 2.0022720 4.1759529 2.1654916 1.9586593 2.0772013 2.1074346 1.9607858 1.8233497 4.9416299 1.8680678 2.1840840 1.6459822 1.8163536 1.8166826 1.8680678 2.1840840 1.6459822 1.8163536 1.8166826 2.4072525 1.9174753 2.5321325 2.3227842 5.1067742 1.9161973 2.2277818 2.1220837 2.7360204 2.0250511 4.8934669 4.6147876 1.9930176 2.0331817 1.9250327 1.9567998 2.0278547 2.0333976 1.9301324 1.6594371 2.1752271 2.0588448 1.7466149 1.9686171 4.8981688 1.9537956 1.9108385 1.8681049 2.0094341 1.7316904 1.8564641 1.9936010 2.0328573 2.0769157 2.0328864 2.1596587 1.8627375 2.0226768 1.7849919 
